op_DN	op_type	op_h	op_h1	op_dn	op_S	op_B	op_S1	op_e	op_d	op_mass	op_Qy	op_Px (Pz)	op_Px(0.5Pz)
57	À1	100	169	45	3	100	10	65	14	1.2	1	1.5	2
57	À2	150	219	45	3	100	10	65	14	1.4	1	1.5	2
76	À1	100	188	57	3	100	10	65	14	1.5	2	2	2.5
76	À2	150	238	57	3	100	10	65	14	1.8	2	2	2.5
89	À1	100	219	76	3	120	10	85	14	2.2	2.5	4	5
89	À2	150	269	76	3	120	10	85	14	2.6	2.5	4	5
108	À1	100	225	76	3	120	10	85	14	2.3	3	4	5
108	À2	150	275	76	3	120	10	85	14	2.6	3	4	5
133	À1	100	277	108	4	135	12	105	18	4.2	6	8	10
133	À2	150	327	108	4	135	12	105	18	4.8	6	8	10
159	À1	100	283	108	4	135	12	105	18	4.3	8	8	19
159	À2	150	333	108	4	135	12	105	18	4.9	8	8	19
219	À1	100	356	159	6	180	14	140	18	10.3	20	20	25
219	À2	150	406	159	6	180	14	140	18	11.6	20	20	25
273	À1	100	377	159	6	180	14	140	18	11.5	20	20	25
273	À2	150	427	159	6	180	14	140	18	12.8	20	20	25
325	À1	100	463	219	6	250	16	200	26	20.1	25	25	30
325	À2	150	513	219	6	250	16	200	26	22	25	25	30
377	À1	100	546	273	8	300	16	240	26	34.4	35	40	50
377	À2	150	596	273	8	300	16	240	26	37.4	35	40	50
426	À1	100	569	273	8	300	16	240	26	35.9	35	40	50
426	À2	150	619	273	8	300	16	240	26	38.9	35	40	50
530	À1	100	482	325	8	380	20	300	30	47.3	40	80	100
530	À2	150	532	325	8	380	20	300	30	50.9	40	80	100
630	À1	100	595	426	10	450	25	370	39	86.8	70	120	140
630	À2	150	645	426	10	450	25	370	39	92.7	70	120	140
													
													
													
													
													
													
													
													
													
													
													
													
													
													
													
													
													
													
													
													
													
													
													
													
													
													
													
													
													
													
													
													
													
													
													
													
													
													
													
													
													
													
													
													
													
													
													
													
													
													
													
													
													
													
													
													
													
													
													
													
													
													
													
													
													
													
													
													
													
													
													
													
													
													
													
													
													
													
													
													
													
													
													
													
													
													
													
													
													
													
													
													
													
													
													
													
													
													
													
													
													
