ДУ;Давление;Внутреннийдиаметр;Толщинафланца;НаружныйдиаметрD;ДиаметросиболтовD1;Кол-воболтов;Диаметрболтов;Диаметрюбки;Длинаюбки;Диаметр приварной части;Длина приварной части
10;1;8;10;75;50;4;10;22;9;15;6
10;2.5;8;10;75;50;4;10;22;9;15;6
10;6;8;12;75;50;4;10;22;11;15;6
10;10;8;12;90;60;4;12;25;17;15;6
10;16;8;14;90;60;4;12;26;15;15;6
10;25;8;16;90;60;4;12;26;13;15;6
10;40;8;16;90;60;4;12;26;13;15;6
10;63;8;18;100;70;4;12;34;24;15;6
10;100;8;18;100;70;4;12;34;21;15;6
10;160;8;18;100;70;4;12;34;21;15;6
10;250;8;18;100;85;4;12;34;21;15;6
15;1;12;10;80;55;4;10;28;12;19;6
15;2.5;12;10;80;55;4;10;28;12;19;6
15;6;12;12;80;55;4;10;28;12;19;6
15;10;12;12;95;65;4;12;30;17;19;6
15;16;12;14;95;65;4;12;30;15;19;6
15;25;12;16;95;65;4;12;30;13;19;6
15;40;12;16;95;65;4;12;30;13;19;6
15;63;12;18;105;75;4;12;38;24;19;6
15;100;12;20;105;75;4;12;38;22;19;6
15;160;12;20;105;75;4;12;38;26;19;6
15;200;14;26;120;82;4;20;40;22;23;6
15;250;14;26;120;90;4;20;40;22;23;6
20;1;18;10;90;65;4;10;36;14;26;6
20;2.5;18;10;90;65;4;10;36;14;26;6
20;6;18;12;90;65;4;10;36;14;26;6
20;10;18;14;105;75;4;12;38;18;26;6
20;16;18;14;105;75;4;12;38;18;26;6
20;25;18;16;105;75;4;12;38;14;26;6
20;40;18;16;105;75;4;12;38;14;26;6
20;63;18;20;125;90;4;16;48;28;26;8
20;100;18;22;125;90;4;16;48;23;26;8
20;160;18;22;125;90;4;16;48;28;26;8
20;200;19;28;130;90;4;20;46;21;29;8
20;250;19;33;130;90;4;20;46;21;29;8
25;1;25;10;100;75;4;10;42;14;33;6
25;2.5;25;10;100;75;4;10;42;14;33;6
25;6;25;14;100;75;4;10;42;12;33;6
25;10;25;14;115;85;4;12;45;20;33;6
25;16;25;14;115;85;4;12;45;20;33;6
25;25;25;16;115;85;4;12;45;16;33;6
25;40;25;16;115;85;4;12;45;16;33;6
25;63;25;22;135;100;4;16;52;28;33;8
25;100;25;24;135;100;4;16;52;26;33;8
25;160;25;24;135;100;4;16;52;26;33;8
25;200;25;30;150;102;4;24;54;24;36;8
25;250;25;30;150;105;4;24;54;24;36;8
32;1;31;10;120;90;4;12;50;14;39;6
32;2.5;31;10;120;90;4;12;50;14;39;6
32;6;31;14;120;90;4;12;50;15;39;6
32;10;31;15;135;100;4;16;55;21;39;6
32;16;31;15;135;100;4;16;55;21;39;6
32;25;31;18;135;100;4;16;56;21;39;6
32;40;31;18;135;100;4;16;56;21;39;6
32;63;31;23;150;110;4;20;64;31;39;8
32;100;31;24;150;110;4;20;64;30;39;8
32;160;31;24;150;110;4;20;64;35;39;8
32;200;31;32;160;115;4;24;64;27;43;8
32;250;31;37;160;115;4;24;64;26;43;9
40;1;38;12;130;100;4;12;60;17;46;7
40;2.5;38;12;130;100;4;12;60;17;46;7
40;6;38;15;130;100;4;12;60;16;46;7
40;10;38;16;145;110;4;16;62;22;46;7
40;16;38;16;145;110;4;16;64;22;46;7
40;25;38;19;145;110;4;16;64;22;46;7
40;40;38;19;145;110;4;16;64;22;46;7
40;63;37;24;165;125;4;20;74;34;46;10
40;100;37;26;165;125;4;20;76;34;46;10
40;160;37;28;165;125;4;20;76;37;46;10
40;200;36;34;170;124;4;24;74;31;49;10
40;250;36;34;170;135;4;24;74;31;49;10
50;1;49;12;140;110;4;12;70;16;58;8
50;2.5;49;12;140;110;4;12;70;16;58;8
50;6;49;15;140;110;4;12;70;15;58;8
50;10;49;16;160;125;4;16;76;21;58;8
50;16;49;16;160;125;4;16;76;24;58;8
50;25;49;20;160;125;4;16;76;20;58;8
50;40;48;20;160;125;4;16;76;20;58;8
50;63;47;26;175;135;4;20;86;34;58;10
50;100;45;28;195;145;4;24;86;33;58;10
50;160;45;30;195;145;4;24;86;38;58;10
50;200;46;40;210;160;8;24;105;48;61;10
50;250;46;40;210;150;8;24;105;48;61;10
65;1;66;12;160;130;4;12;88;15;77;9
65;2.5;66;12;160;130;4;12;88;15;77;9
65;6;66;15;160;130;4;12;88;14;77;9
65;10;66;18;180;145;4;16;94;20;77;10
65;16;66;18;180;145;4;16;94;22;77;10
65;25;66;22;180;145;8;16;96;21;77;10
65;40;66;22;180;145;8;16;96;21;77;10
65;63;64;28;200;160;8;20;106;35;77;12
65;100;62;32;220;170;8;24;110;39;77;12
65;160;62;34;220;170;8;24;110;42;77;12
65;200;68;48;260;203;8;27;138;61;90;12
65;250;68;48;260;180;8;27;138;61;90;12
80;1;78;14;185;150;4;16;102;14;90;10
80;2.5;78;14;185;150;4;16;102;14;90;10
80;6;78;16;185;150;4;16;102;14;90;10
80;10;78;18;195;160;4;16;105;22;90;10
80;16;78;20;195;160;4;16;110;23;90;10
80;25;78;22;195;160;8;16;110;21;90;12
80;40;78;24;195;160;8;16;112;22;90;12
80;63;77;30;210;170;8;20;120;33;90;12
80;100;75;34;230;180;8;24;124;44;90;12
80;160;75;36;230;180;8;24;124;45;90;12
80;200;80;54;290;230;8;30;162;69;110;12
80;250;80;54;290;200;8;30;162;69;110;12
100;1;96;14;205;170;4;16;122;16;110;10
100;2.5;96;14;205;170;4;16;122;16;110;10
100;6;96;16;205;170;4;16;122;15;110;10
100;10;96;20;215;180;8;16;128;19;110;12
100;16;96;20;215;180;8;16;130;21;110;12
100;25;96;24;230;190;8;20;132;25;110;12
100;40;96;26;230;190;8;20;138;30;110;12
100;63;94;32;250;200;8;24;140;36;110;12
100;100;92;38;265;210;8;27;146;50;110;12
100;160;92;40;265;210;8;27;146;51;110;12
100;200;102;66;360;292;8;36;208;100;135;12
100;250;102;66;360;235;8;36;208;98;135;14
125;1;121;14;235;200;8;16;148;16;135;10
125;2.5;121;14;235;200;8;16;148;16;135;10
125;6;121;18;235;200;8;16;148;15;135;10
125;10;121;22;245;210;8;16;156;26;135;12
125;16;121;22;245;210;8;16;156;26;135;12
125;25;121;26;270;220;8;24;160;30;135;12
125;40;120;28;270;220;8;24;160;28;135;12
125;63;118;36;295;240;8;27;172;50;135;12
125;100;112;42;310;250;8;30;180;61;135;12
125;160;112;44;310;250;8;30;180;60;135;14
125;200;130;76;385;318;12;36;234;88;170;14
125;250;130;76;385;275;12;36;234;86;170;16
150;1;146;14;260;225;8;16;172;15;161;12
150;2.5;146;14;260;225;8;16;172;15;161;12
150;6;146;18;260;225;8;16;172;16;161;12
150;10;146;22;280;240;8;20;180;26;161;12
150;16;146;22;280;240;8;20;180;26;161;12
150;25;146;28;300;250;8;24;186;31;161;12
150;40;145;30;300;250;8;24;186;29;161;12
150;63;142;38;340;280;8;30;206;58;161;12
150;100;136;46;350;290;12;30;214;70;161;12
150;160;136;50;350;290;12;30;214;69;161;14
150;200;150;82;440;360;12;42;266;97;196;14
150;250;150;82;440;320;12;42;266;93;196;18
200;1;202;16;315;280;8;16;235;17;222;15
200;2.5;202;16;315;280;8;16;235;17;222;15
200;6;202;20;315;280;8;16;235;18;222;15
200;10;202;22;335;295;8;20;240;23;222;16
200;16;202;24;335;295;12;20;240;21;222;16
200;25;202;30;360;310;12;24;245;32;222;16
200;40;200;38;375;320;12;27;250;34;222;16
200;63;198;44;405;345;12;30;264;53;222;16
200;100;190;54;430;360;12;36;276;73;222;16
200;160;190;60;430;360;12;36;276;72;222;16
200;200;192;92;535;440;12;48;340;125;248;16
200;250;192;92;535;400;12;48;340;116;248;25
250;1;254;19;370;335;12;16;288;14;278;15
250;2.5;254;19;370;335;12;16;288;14;278;15
250;6;254;21;370;335;12;16;288;17;278;15
250;10;254;24;390;350;12;20;290;23;278;16
250;16;254;26;405;355;12;24;292;26;278;16
250;25;254;32;425;370;12;27;300;28;278;18
250;40;252;42;445;385;12;30;310;41;278;18
250;63;246;48;470;400;12;36;316;52;278;18
250;100;236;60;500;430;12;36;340;85;278;18
250;160;236;68;500;430;12;36;340;82;278;18
250;200;254;110;670;572;16;52;460;175;330;18
250;250;254;110;670;490;16;52;460;163;330;30
300;1;303;20;435;395;12;20;340;14;330;15
300;2.5;303;20;435;395;12;20;340;14;330;15
300;6;303;22;435;395;12;20;340;17;330;15
300;10;303;26;440;400;12;20;345;22;330;16
300;16;303;28;460;410;12;24;346;26;330;16
300;25;303;36;485;430;16;27;352;30;330;18
300;40;301;46;510;450;16;30;368;52;330;18
300;63;294;54;530;460;16;36;370;52;330;18
300;100;284;70;585;500;16;42;400;96;330;18
300;160;284;78;585;500;16;42;400;93;330;18
350;1;351;20;485;445;12;20;390;14;382;15
350;2.5;351;20;485;445;12;20;390;14;382;15
350;6;351;22;485;445;12;20;390;17;382;15
350;10;351;26;500;460;16;20;400;22;382;16
350;16;351;32;520;470;16;24;400;26;382;16
350;25;351;40;550;490;16;30;406;29;382;20
350;40;351;52;570;510;16;30;418;48;382;20
350;63;342;60;595;525;16;36;430;64;382;20
350;100;332;76;655;560;16;48;460;103;382;20
350;160;332;84;655;560;16;48;460;97.5;382;22.5
400;1;398;20;535;495;16;20;440;14;432;15
400;2.5;398;20;535;495;16;20;440;14;432;15
400;6;398;22;535;495;16;20;440;17;432;15
400;10;398;26;565;515;16;24;445;22;432;16
400;16;398;36;580;525;16;27;450;27;432;16
400;25;398;44;610;550;16;30;464;40;432;20
400;40;398;58;655;585;16;36;480;61;432;20
400;63;386;66;670;585;16;42;480;73;432;20
400;100;376;80;715;620;16;48;510;104;432;20
400;160;376;88;715;620;16;48;510;97.5;432;23.5
450;1;450;20;590;550;16;20;494;19;484;15
450;2.5;450;20;590;550;16;20;494;19;484;15
450;6;450;22;590;550;16;20;494;17;484;15
450;10;450;26;615;565;20;24;500;27;484;16
450;16;450;38;640;585;20;27;506;35;484;16
450;25;450;46;660;600;20;30;515;38;484;20
450;40;448;60;680;610;20;36;530;59;484;20
450;63;436;68;695;610;16;42;534;62.5;484;28.5
450;100;426;82;740;645;16;48;560;95;484;27
500;1;501;23;640;600;16;20;545;16;535;15
500;2.5;501;23;640;600;16;20;545;16;535;15
500;6;501;23;640;600;16;20;545;16;535;15
500;10;501;28;670;620;20;24;550;25;535;16
500;16;501;42;710;650;20;30;559;36;535;16
500;25;500;48;730;660;20;36;570;36;535;20
500;40;495;62;755;670;20;42;580;62;535;20
500;63;485;70;800;705;20;48;594;79;535;20
500;100;485;70;800;760;20;48;594;79;535;20
600;1;602;24;755;705;20;24;650;20;636;16
600;2.5;602;24;755;705;20;24;650;20;636;16
600;6;602;24;755;705;20;24;650;20;636;16
600;10;602;29;780;725;20;27;650;23;636;18
600;16;602;46;840;770;20;36;660;31;636;18
600;25;600;54;840;770;20;36;670;46;636;20
600;40;595;63;890;795;20;48;686;62;636;20
600;63;585;76;925;820;20;52;704;89;636;20
700;1;692;24;860;810;24;24;740;16;726;20
700;2.5;692;24;860;810;24;24;740;20;726;16
700;6;692;24;860;810;24;24;740;20;726;16
700;10;692;30;895;840;24;27;744;22;726;18
700;16;692;48;910;840;24;36;750;34;726;18
700;25;690;58;960;875;24;42;766;52;726;20
700;40;695;68;995;900;24;48;790;77;726;20
700;63;685;81;1045;935;24;52;820;129;726;20
800;1;792;24;975;920;24;27;844;25;826;16
800;2.5;792;24;975;920;24;27;844;25;826;16
800;6;792;24;975;920;24;27;844;25;826;16
800;10;792;32;1010;950;24;30;850;30;826;18
800;16;792;50;1020;950;24;36;850;30;826;20
800;25;790;60;1075;990;24;42;874;58;826;22
800;40;795;76;1135;1030;24;52;908;97;826;22
800;63;785;90;1165;1050;24;56;920;118;826;22
900;1;892;26;1075;1020;24;27;944;23;926;16
900;2.5;892;26;1075;1020;24;27;944;23;926;16
900;6;892;26;1075;1020;24;27;944;23;926;16
900;10;892;34;1110;1050;28;30;950;31;926;20
900;16;892;52;1120;1050;28;36;958;43;926;20
900;25;892;62;1185;1090;28;48;980;64;926;24
900;40;895;79;1250;1140;28;52;1024;117;926;24
900;63;885;93;1285;1170;28;56;1050;153;926;24
1000;1;992;26;1175;1120;28;27;1044;23;1028;16
1000;2.5;992;26;1175;1120;28;27;1044;23;1028;16
1000;6;992;26;1175;1120;28;27;1044;23;1028;16
1000;10;992;34;1220;1160;28;30;1050;31;1028;20
1000;16;992;54;1255;1170;28;42;1060;39;1028;22
1000;25;992;64;1315;1210;28;52;1084;67;1028;24
1000;40;995;82;1360;1250;28;52;1140;134;1028;24
1000;63;985;97;1415;1290;28;64;1160;164;1028;24
1200;1;1192;28;1375;1320;32;27;1244;26;1228;16
1200;2.5;1192;28;1375;1320;32;27;1244;26;1228;16
1200;6;1192;28;1400;1340;32;30;1248;27;1228;20
1200;10;1192;38;1455;1380;32;36;1256;32;1228;25
1200;16;1192;56;1485;1390;32;48;1268;44;1228;30
1200;25;1192;67;1525;1420;32;52;1288;68;1228;30
1200;40;1195;85;1575;1460;32;56;1350;140;1228;30
1200;63;1185;100;1665;1530;32;72;1386;190;1228;30
1400;1;1392;28;1575;1520;36;27;1445;26;1428;16
1400;2.5;1392;28;1575;1520;36;27;1445;26;1428;16
1400;6;1392;32;1620;1560;36;30;1456;38;1428;20
1400;10;1392;32;1620;1590;36;30;1456;33;1428;25
1400;16;1392;32;1620;1590;36;30;1456;28;1428;30
1400;25;1392;32;1620;1640;36;30;1456;28;1428;30
1400;40;1392;32;1620;1680;36;30;1456;28;1428;30
1600;1;1592;28;1785;1730;40;27;1646;22;1628;20
1600;2.5;1592;28;1785;1730;40;27;1646;22;1628;20
1600;6;1592;37;1820;1760;40;30;1660;43;1628;20
1600;10;1592;37;1820;1820;40;30;1660;38;1628;25
1600;16;1592;37;1820;1820;40;30;1660;28;1628;35
1600;25;1592;37;1820;1860;40;30;1660;28;1628;35
1600;40;1592;37;1820;1900;40;30;1660;28;1628;35
1800;2.5;1592;37;1820;1930;40;30;1660;43;1628;20
1800;6;1592;37;1820;1970;40;30;1660;43;1628;20
1800;10;1592;37;1820;2020;40;30;1660;33;1628;30
1800;16;1592;37;1820;2020;40;30;1660;28;1628;35
1800;25;1592;37;1820;2070;40;30;1660;28;1628;35
2000;2.5;1592;37;1820;2130;40;30;1660;41;1628;22
2000;6;1592;37;1820;2180;40;30;1660;38;1628;25
2000;10;1592;37;1820;2230;40;30;1660;33;1628;30
2000;16;1592;37;1820;2230;40;30;1660;23;1628;40
2000;25;1592;37;1820;2300;40;30;1660;23;1628;40
2200;2.5;1592;37;1820;2340;40;30;1660;38;1628;25
2200;6;1592;37;1820;2390;40;30;1660;38;1628;25
2200;10;1592;37;1820;2440;40;30;1660;28;1628;35
2400;2.5;1592;37;1820;2540;40;30;1660;38;1628;25
2400;6;1592;37;1820;2600;40;30;1660;38;1628;25
2400;10;1592;37;1820;2650;40;30;1660;28;1628;35
2600;2.5;1592;37;1820;2740;40;30;1660;38;1628;25
2600;6;1592;37;1820;2810;40;30;1660;38;1628;25
2600;10;1592;37;1820;2850;40;30;1660;23;1628;40
2800;2.5;1592;37;1820;2960;40;30;1660;38;1628;25
2800;6;1592;37;1820;3020;40;30;1660;33;1628;30
2800;10;1592;37;1820;3070;40;30;1660;23;1628;40
3000;2.5;1592;37;1820;3160;40;30;1660;38;1628;25
3000;6;1592;37;1820;3220;40;30;1660;33;1628;30
3000;10;1592;37;1820;3290;40;30;1660;18;1628;45
3200;2.5;1592;37;1820;3360;40;30;1660;38;1628;25
3200;6;1592;37;1820;3430;40;30;1660;33;1628;30
3400;2.5;1592;37;1820;3560;40;30;1660;35;1628;28
3400;6;1592;37;1820;3640;40;30;1660;28;1628;35
3600;2.5;1592;37;1820;3770;40;30;1660;35;1628;28
3600;6;1592;37;1820;3860;40;30;1660;28;1628;35
3800;2.5;1592;37;1820;3970;40;30;1660;35;1628;28
4000;2.5;1592;37;1820;4170;40;30;1660;35;1628;28
