DN;PN;Внутренний диаметр flange_dnf;Толщина flange_t;Наружный диаметр;Диаметр оси болтов;Количество болтов;Диаметр болтов
10;1;15;10;75;50;4;10
10;2.5;15;10;75;50;4;10
10;6;15;12;75;50;4;10
10;10;15;12;90;60;4;12
10;16;15;14;90;60;4;12
10;25;15;16;90;60;4;12
15;1;19;10;80;55;4;10
15;2.5;19;10;80;55;4;10
15;6;19;12;80;55;4;10
15;10;19;12;95;65;4;12
15;16;19;14;95;65;4;12
15;25;19;16;95;65;4;12
20;1;26;12;90;65;4;10
20;2.5;26;12;90;65;4;10
20;6;26;14;90;65;4;10
20;10;26;14;105;75;4;12
20;16;26;16;105;75;4;12
20;25;26;18;105;75;4;12
25;1;33;12;100;75;4;10
25;2.5;33;12;100;75;4;10
25;6;33;14;100;75;4;10
25;10;33;14;115;85;4;12
25;16;33;18;115;85;4;12
25;25;33;18;115;85;4;12
32;1;39;12;120;90;4;12
32;2.5;39;12;120;90;4;12
32;6;39;15;120;90;4;12
32;10;39;16;135;100;4;16
32;16;39;18;135;100;4;16
32;25;39;20;135;100;4;16
40;1;46;13;130;100;4;12
40;2.5;46;13;130;100;4;12
40;6;46;16;130;100;4;12
40;10;46;18;145;110;4;16
40;16;46;20;145;110;4;16
40;25;46;22;145;110;4;16
50;1;59;13;140;110;4;12
50;2.5;59;13;140;110;4;12
50;6;59;16;140;110;4;12
50;10;59;18;160;125;4;16
50;16;59;22;160;125;4;16
50;25;59;24;160;125;4;16
65;1;78;14;160;130;4;12
65;2.5;78;14;160;130;4;12
65;6;78;16;160;130;4;12
65;10;78;20;180;145;4;16
65;16;78;24;180;145;4;16
65;25;78;24;180;145;8;16
80;1;91;14;185;150;4;16
80;2.5;91;14;185;150;4;16
80;6;91;18;185;150;4;16
80;10;91;20;195;160;4;16
80;16;91;24;195;160;4;16
80;25;91;26;195;160;8;16
100;1;110;14;205;170;4;16
100;1;110;14;205;170;4;16
100;2.5;110;14;205;170;4;16
100;2.5;110;14;205;170;4;16
100;6;110;18;205;170;4;16
100;6;110;18;205;170;4;16
100;10;110;22;215;180;8;16
100;10;116;22;215;180;8;16
100;16;110;26;215;180;8;16
100;16;116;26;215;180;8;16
100;25;110;28;230;190;8;20
100;25;116;28;230;190;8;20
125;1;135;16;235;200;8;16
125;1;142;16;235;200;8;16
125;2.5;135;16;235;200;8;16
125;2.5;142;16;235;200;8;16
125;6;135;20;235;200;8;16
125;6;142;20;235;200;8;16
125;10;135;24;245;210;8;16
125;10;142;24;245;210;8;16
125;16;135;28;245;210;8;16
125;16;142;28;245;210;8;16
125;25;135;30;270;220;8;24
125;25;142;30;270;220;8;24
150;1;154;16;260;225;8;16
150;1;161;16;260;225;8;16
150;1;161;16;260;225;8;16
150;2.5;154;16;260;225;8;16
150;2.5;161;16;260;225;8;16
150;2.5;161;16;260;225;8;16
150;6;154;20;260;225;8;16
150;6;161;20;260;225;8;16
150;6;161;20;260;225;8;16
150;10;154;24;280;240;8;20
150;10;161;24;280;240;8;20
150;10;170;24;280;240;8;20
150;16;154;28;280;240;8;20
150;16;161;28;280;240;8;20
150;16;170;28;280;240;8;20
150;25;154;30;300;250;8;24
150;25;161;30;300;250;8;24
150;25;170;30;300;250;8;24
200;1;222;18;315;280;8;16
200;2.5;222;18;315;280;8;16
200;6;222;22;315;280;8;16
200;10;222;24;335;295;8;20
200;16;222;30;335;295;12;20
200;25;222;32;360;310;12;24
250;1;273;21;370;335;12;16
250;2.5;273;21;370;335;12;16
250;6;273;23;370;335;12;16
250;10;273;26;390;350;12;20
250;16;273;31;405;355;12;24
250;25;273;34;425;370;12;27
300;1;325;22;435;395;12;20
300;2.5;325;22;435;395;12;20
300;6;325;24;435;395;12;20
300;10;325;28;440;400;12;20
300;16;325;32;460;410;12;24
300;25;325;36;485;430;16;27
350;1;377;22;485;445;12;20
350;2.5;377;22;485;445;12;20
350;6;377;26;485;445;12;20
350;10;377;28;500;460;16;20
350;16;377;34;520;470;16;24
350;25;377;42;550;490;16;30
400;1;426;22;535;495;16;20
400;2.5;426;22;535;495;16;20
400;6;426;28;535;495;16;20
400;10;426;30;565;515;16;24
400;16;426;38;580;525;16;27
400;25;426;44;610;550;16;30
450;1;480;24;590;550;16;20
450;2.5;480;24;590;550;16;20
450;6;480;28;590;550;16;20
450;10;480;30;615;565;20;24
450;16;480;42;640;585;20;27
450;25;480;48;660;600;20;30
500;1;530;24;640;600;16;20
500;2.5;530;24;640;600;16;20
500;6;530;29;640;600;16;20
500;10;530;32;670;620;20;24
500;16;530;48;710;650;20;30
500;25;530;52;730;660;20;36
600;1;630;25;755;705;20;24
600;2.5;630;25;755;705;20;24
600;6;630;30;755;705;20;24
600;10;630;36;780;725;20;27
600;16;630;50;840;770;20;36
600;25;630;54;840;770;20;36
700;1;720;26;860;810;24;24
700;2.5;720;26;860;810;24;24
700;6;720;32;860;810;24;24
700;10;720;39;895;840;24;27
700;16;720;52;910;840;24;36
700;25;720;60;960;875;24;42
800;1;820;26;975;920;24;27
800;2.5;820;26;975;920;24;27
800;6;820;32;975;920;24;27
800;10;820;42;1010;950;24;30
800;16;820;54;1020;950;24;36
800;25;820;68;1075;990;24;42
900;1;920;28;1075;1020;24;27
900;2.5;920;28;1075;1020;24;27
900;6;920;34;1075;1020;24;27
900;10;920;45;1110;1050;28;30
900;16;920;59;1120;1050;28;36
1000;1;1020;30;1175;1120;28;27
1000;2.5;1020;30;1175;1120;28;27
1000;6;1020;36;1175;1120;28;27
1000;10;1020;48;1220;1160;28;30
1000;16;1020;63;1255;1170;28;42
1200;1;1220;30;1375;1320;32;27
1200;2.5;1220;30;1375;1320;32;27
1200;6;1220;39;1400;1340;32;30
1200;10;1220;56;1455;1380;32;36
1200;16;1220;76;1485;1390;32;48
1400;1;1420;32;1575;1520;36;27
1400;2.5;1420;32;1575;1520;36;27
1400;6;1420;48;1620;1560;36;30
1400;10;1420;65;1675;1590;36;42
1600;1;1620;32;1785;1730;40;27
1600;2.5;1620;32;1785;1730;40;27
1600;6;1620;53;1820;1760;40;30
1600;10;1620;75;1915;1820;40;48
1800;1;1820;35;1985;1930;44;27
1800;2.5;1820;35;1985;1930;44;27
1800;6;1820;35;2045;1970;44;36
2000;1;2020;35;2190;2130;48;27
2000;2.5;2020;35;2190;2130;48;27
2000;6;2020;35;2265;2180;48;42
2200;1;2220;42;2405;2340;52;30
2200;2.5;2220;42;2405;2340;52;30
2400;1;2420;47;2605;2540;56;30
2400;2.5;2420;47;2605;2540;56;30
