        1.299999461119, 0.09755350888677,     1, 
        1.299999461119,            0,     1, 
                   0,            0,     1, 
                   0, 0.09636983200698,     1, 
        0.0001368209178234, 0.09718412743793,     1, 
        0.02765487538032, 0.1379812631079,     1, 
        0.05365487538032, 0.1379812631079,     1, 
        0.08117290935621, 0.09718412743793,     1, 
        0.2167805942846, 0.09718412743793,     1, 
        0.2442986487471, 0.1379812631079,     1, 
        0.2702986487471, 0.1379812631079,     1, 
        0.297816682723, 0.09718412743793,     1, 
        0.4334243676515, 0.09718412743793,     1, 
        0.460942422114, 0.1379812631079,     1, 
        0.486942422114, 0.1379812631079,     1, 
        0.5144604560898, 0.09718412743793,     1, 
        0.6500681410183, 0.09718412743793,     1, 
        0.6775861954808, 0.1379812631079,     1, 
        0.7035861954808, 0.1379812631079,     1, 
        0.7311042294567, 0.09718412743793,     1, 
        0.8667119143851, 0.09718412743793,     1, 
        0.8942299688476, 0.1379812631079,     1, 
        0.9202299688476, 0.1379812631079,     1, 
        0.9477480028235, 0.09718412743793,     1, 
        1.083355687752, 0.09718412743793,     1, 
        1.110873742214, 0.1379812631079,     1, 
        1.136873742214, 0.1379812631079,     1, 
        1.16439177619, 0.09718412743793,     1, 
        1.299999461119, 0.09718412743793,     1