op_DN	op_type	op_h	op_h1	op_h2	op_L	op_B	op_S	op_B1	op_l	op_masseffect	op_Qy	op_Px (Pz)	op_Px(0.5Pz)
57	À11	100	110	98	170	50	3	0	0	1.3	2.5	5.5	8
57	À12	100	110	0	340	50	3	0	0	2.6	2.5	15	15
57	À21	150	160	148	170	50	3	0	0	1.8	2.5	5.5	8
57	À22	150	160	0	340	50	3	0	0	3.6	2.5	15	15
76	À11	100	107	98	170	50	3	0	0	1.3	3	5.5	8
76	À12	100	107	0	340	50	3	0	0	2.5	3	15	15
76	À21	150	157	148	170	50	3	0	0	2.5	3	5.5	8
76	À22	150	157	0	340	50	3	0	0	1.8	3	15	15
89	À11	100	106	98	170	50	3	0	0	3.5	5	5.5	8
89	À12	100	106	0	340	50	3	0	0	2.2	5	15	15
89	À21	150	156	148	170	50	3	0	0	1.7	5	5.5	8
89	À22	150	156	0	340	50	3	0	0	1.7	5	15	15
108	À11	100	115	95	170	80	3	0	0	3.5	6	10	13
108	À12	100	115	0	340	80	3	0	0	1.5	6	30	45
108	À21	150	165	145	170	80	3	0	0	2.2	6	8	10
108	À22	150	165	0	340	80	3	0	0	4.2	6	25	38
133	À11	100	111	95	170	80	3	0	0	1.5	8	10	13
133	À12	100	111	0	340	80	3	0	0	3	8	30	45
133	À21	150	161	145	170	80	3	0	0	2	8	8	10
133	À22	150	161	0	340	80	3	0	0	4.1	8	25	38
159	À11	100	109	95	170	80	3	0	0	1.5	10	10	13
159	À12	100	109	0	340	80	3	0	0	3	10	30	45
159	À21	150	159	145	170	80	3	0	0	2	10	8	10
159	À22	150	159	0	340	80	3	0	0	4.1	10	25	38
219	À11	100	159	95	170	200	3	0	0	2.7	25	0	0
219	À12	100	159	0	340	200	3	0	0	6.1	25	60	85
219	À13	100	159	95	680	200	3	0	0	11	25	80	110
219	Á12	104	159	0	340	200	3	215	60	7	25	60	85
219	Á13	104	159	95	680	200	3	215	60	11.9	25	80	110
219	À21	150	209	145	170	200	3	0	0	3.4	25	0	0
219	À22	150	209	0	340	200	3	0	0	7.3	25	50	70
219	À23	150	209	145	680	200	3	0	0	13.3	25	70	95
219	Á22	154	209	0	340	200	3	215	60	8.2	25	50	70
219	Á23	154	209	145	680	200	3	215	60	14.2	25	70	95
273	À11	100	140	95	170	200	3	0	0	2.6	25	0	0
273	À12	100	140	0	340	200	3	0	0	7.1	40	60	85
273	À13	100	140	95	680	200	3	0	0	13.3	40	80	110
273	Á12	100	140	0	340	200	3	220	60	8.1	40	60	85
273	Á13	100	140	95	680	200	3	220	60	14.3	40	80	110
273	À21	150	190	145	170	200	3	0	0	3.2	25	0	0
273	À22	150	190	0	340	200	4	0	0	9	40	50	70
273	À23	150	190	145	680	200	4	0	0	16.6	40	79	95
273	Á22	150	190	0	340	200	4	220	60	10	40	50	70
273	Á23	150	190	145	680	200	4	220	60	17.6	40	70	95
325	À11	100	131	90	170	200	4	0	0	3.3	50	0	0
325	À12	100	131	0	340	200	4	0	0	6.9	50	60	85
325	À13	100	131	90	680	200	4	0	0	12.8	50	80	110
325	Á12	100	131	0	340	200	4	220	60	7.9	50	60	85
325	Á13	100	131	90	680	200	4	220	60	13.8	50	80	110
325	À21	150	181	140	170	200	4	0	0	4.2	50	0	0
325	À22	150	181	0	340	200	4	0	0	8.7	70	50	70
325	À23	150	181	140	680	200	4	0	0	16.2	70	70	95
325	Á22	150	181	0	340	200	4	220	60	9.7	70	50	70
325	Á23	150	181	140	680	200	4	220	60	17.2	70	70	95
377	À11	100	126	90	170	200	4	0	0	3.2	50	0	0
377	À12	100	126	0	340	200	4	0	0	6.7	70	60	85
377	À13	100	126	90	680	200	4	0	0	12.5	70	80	110
377	Á12	100	126	0	340	200	4	220	60	7.7	70	60	85
377	Á13	100	126	90	680	200	4	220	60	13.5	70	80	110
377	À21	150	176	140	170	200	4	0	0	4.1	50	0	0
377	À22	150	176	0	340	200	4	0	0	8.6	70	50	70
377	À23	150	176	140	680	200	4	0	0	15.7	70	70	95
377	Á22	150	176	0	340	200	4	220	60	9.6	70	50	70
377	Á23	150	176	140	680	200	4	220	60	16.7	70	70	95
426	À11	100	122	90	170	200	6	0	0	4.6	60	0	0
426	À12	100	122	0	340	200	6	0	0	9.8	80	90	125
426	À13	100	122	90	680	200	6	0	0	18.3	80	120	170
426	Á12	100	122	0	340	200	6	220	60	11.2	80	90	125
426	Á13	100	122	90	680	200	6	220	60	19.7	80	120	170
426	À21	150	172	140	170	200	6	0	0	6.1	60	0	0
426	À22	150	172	0	340	200	6	0	0	12.5	80	90	125
426	À23	150	172	140	680	200	6	0	0	23.2	80	120	170
426	Á22	150	172	0	340	200	6	220	60	13.9	80	90	125
426	Á23	150	172	140	680	200	6	220	60	24.6	80	120	170
530	À11	100	143	90	170	300	6	0	0	6.3	80	0	0
530	À12	100	143	0	340	300	6	0	0	13.7	120	110	145
530	À13	100	143	90	680	300	6	0	0	25.1	120	150	200
530	Á12	100	143	0	340	300	6	350	70	16.4	120	110	145
530	Á13	100	143	90	680	300	6	350	70	27.8	120	150	200
530	À21	150	193	140	170	300	6	0	0	8	80	0	0
530	À22	150	193	0	340	300	6	0	0	17.1	80	100	130
530	À23	150	193	140	680	300	6	0	0	30.9	80	140	180
530	Á22	150	193	0	340	300	6	350	70	19.8	80	100	130
530	Á23	150	193	140	680	300	6	350	70	33.6	80	140	180
630	À11	100	135	90	170	300	6	0	0	6.2	80	0	0
630	À12	100	135	0	340	300	6	0	0	13.3	120	110	145
630	À13	100	135	90	680	300	6	0	0	24.4	120	150	200
630	Á12	100	135	0	340	300	6	359	70	16	120	110	145
630	Á13	100	135	90	680	300	6	359	70	27.1	120	150	200
630	À21	150	185	140	170	300	6	0	0	7.9	80	0	0
630	À22	150	185	0	340	300	6	0	0	16.6	120	100	130
630	À23	150	185	140	680	300	6	0	0	30.2	120	140	180
630	Á22	150	185	0	340	300	6	350	70	19.3	120	100	130
630	Á23	150	185	140	680	300	6	350	70	32.9	120	140	180
820	À12	100	125	0	340	300	8	0	0	17	200	125	160
820	À13	100	125	90	680	300	8	0	0	31.1	200	175	220
820	Á12	100	125	0	340	300	8	350	70	20.5	200	125	160
820	Á13	100	125	90	680	300	8	350	70	34.6	200	175	220
820	À22	150	175	0	340	300	8	0	0	21.3	200	115	150
820	À23	150	175	140	680	300	8	0	0	38.8	200	165	210
820	Á22	150	175	0	340	300	8	350	70	24.8	200	115	150
820	Á23	150	175	140	680	300	8	350	70	42.3	200	165	210
1020	À12	100	161	0	340	500	8	0	0	27.6	340	149	175
1020	À13	100	161	90	680	500	8	0	0	49.3	340	200	250
1020	Á12	100	161	0	340	500	8	560	120	37.3	340	140	175
1020	Á13	100	161	90	680	500	8	560	120	59	340	200	250
1020	À22	150	211	0	340	500	8	0	0	33.3	340	130	165
1020	À23	150	211	140	680	500	8	0	0	59	340	185	235
1020	Á22	150	211	0	340	500	8	560	120	43	340	130	165
1020	Á23	150	211	140	680	500	8	560	120	68.7	340	185	235
1220	À12	100	150	0	340	500	8	0	0	26.8	400	140	175
1220	À13	100	150	90	680	500	8	0	0	47.9	400	200	250
1220	Á12	100	150	0	340	500	8	560	120	36.4	400	140	175
1220	Á13	100	150	90	680	500	8	560	120	57.5	400	200	250
1220	À22	150	200	0	340	500	8	0	0	32.5	400	130	165
1220	À23	150	200	140	680	500	8	0	0	57.6	400	185	235
1220	Á22	150	200	0	340	500	8	560	120	42.1	400	130	165
1220	Á23	150	200	140	680	500	8	560	120	67.2	400	185	235
1420	À12	100	142	0	340	500	10	0	0	32.5	450	150	190
1420	À13	100	142	90	680	500	10	0	0	58.2	450	210	270
1420	Á12	100	142	0	340	500	10	560	120	44.3	450	150	190
1420	Á13	100	142	90	680	500	10	560	120	70	450	210	270
1420	À22	150	192	0	340	500	10	0	0	39.5	450	140	180
1420	À23	150	192	140	680	500	10	0	0	70.3	450	200	250
1420	Á22	150	192	0	340	500	10	560	120	51.3	450	140	180
1420	Á23	150	192	140	680	500	10	560	120	82.1	450	200	250
