ГОСТ 10704-91;Труба электросварная прямошовная;Вес;D;s
1;10x1;0.222;10;1
2;10x1.2;0.26;10;1.2
3;10.2x1;0.227;10.2;1
4;10.2x1.2;0.266;10.2;1.2
5;12x1;0.271;12;1
6;12x1.2;0.32;12;1.2
7;12x1.4;0.366;12;1.4
8;12x1.5;0.388;12;1.5
9;12x1.6;0.41;12;1.6
10;13x1;0.296;13;1
11;13x1.2;0.349;13;1.2
12;13x1.4;0.401;13;1.4
13;13x1.5;0.425;13;1.5
14;13x1.6;0.45;13;1.6
15;14x1;0.321;14;1
16;14x1.2;0.379;14;1.2
17;14x1.4;0.435;14;1.4
18;14x1.5;0.462;14;1.5
19;14x1.6;0.489;14;1.6
20;15x1;0.345;15;1
21;15x1.2;0.408;15;1.2
22;15x1.4;0.47;15;1.4
23;15x1.5;0.499;15;1.5
24;15x1.6;0.529;15;1.6
25;16x1;0.37;16;1
26;16x1.2;0.438;16;1.2
27;16x1.4;0.504;16;1.4
28;16x1.5;0.536;16;1.5
29;16x1.6;0.568;16;1.6
30;17x1;0.395;17;1
31;17x1.2;0.468;17;1.2
32;17x1.4;0.539;17;1.4
33;17x1.5;0.573;17;1.5
34;17x1.6;0.608;17;1.6
35;18x1;0.419;18;1
36;18x1.2;0.497;18;1.2
37;18x1.4;0.573;18;1.4
38;18x1.5;0.61;18;1.5
39;18x1.6;0.719;18;1.6
40;18x1.8;0.789;18;1.8
41;19x1;0.444;19;1
42;19x1.2;0.527;19;1.2
43;19x1.4;0.608;19;1.4
44;19x1.5;0.647;19;1.5
45;19x1.6;0.687;19;1.6
46;19x1.8;0.764;19;1.8
47;19x2;0.838;19;2
48;20x1;0.469;20;1
49;20x1.2;0.556;20;1.2
50;20x1.4;0.642;20;1.4
51;20x1.5;0.684;20;1.5
52;20x1.6;0.726;20;1.6
53;20x1.8;0.808;20;1.8
54;20x2;0.888;20;2
55;21.3x1;0.501;21.3;1
56;21.3x1.2;0.595;21.3;1.2
57;21.3x1.4;0.687;21.3;1.4
58;21.3x1.5;0.732;21.3;1.5
59;21.3x1.6;0.777;21.3;1.6
60;21.3x1.8;0.866;21.3;1.8
61;21.3x2;0.952;21.3;2
62;22x1;0.518;22;1
63;22x1.2;0.616;22;1.2
64;22x1.4;0.711;22;1.4
65;22x1.5;0.758;22;1.5
66;22x1.6;0.805;22;1.6
67;22x1.8;0.897;22;1.8
68;22x2;0.986;22;2
69;23x1;0.543;23;1
70;23x1.2;0.645;23;1.2
71;23x1.4;0.746;23;1.4
72;23x1.5;0.795;23;1.5
73;23x1.6;0.844;23;1.6
74;23x1.8;0.941;23;1.8
75;23x2;1.04;23;2
76;23x2.2;1.13;23;2.2
77;23x2.5;1.26;23;2.5
78;24x1;0.567;24;1
79;24x1.2;0.675;24;1.2
80;24x1.4;0.78;24;1.4
81;24x1.5;0.832;24;1.5
82;24x1.6;0.884;24;1.6
83;24x1.8;0.985;24;1.8
84;24x2;1.09;24;2
85;24x2.2;1.18;24;2.2
86;24x2.5;1.33;24;2.5
87;25x1;0.592;25;1
88;25x1.2;0.704;25;1.2
89;25x1.4;0.815;25;1.4
90;25x1.5;0.869;25;1.5
91;25x1.6;0.923;25;1.6
92;25x1.8;1.03;25;1.8
93;25x2;1.13;25;2
94;25x2.2;1.24;25;2.2
95;25x2.5;1.39;25;2.5
96;26x1;0.617;26;1
97;26x1.2;0.734;26;1.2
98;26x1.4;0.849;26;1.4
99;26x1.5;0.906;26;1.5
100;26x1.6;0.963;26;1.6
101;26x1.8;1.07;26;1.8
102;26x2;1.18;26;2
103;26x2.2;1.29;26;2.2
104;26x2.5;1.45;26;2.5
105;27x1;0.641;27;1
106;27x1.2;0.764;27;1.2
107;27x1.4;0.884;27;1.4
108;27x1.5;0.943;27;1.5
109;27x1.6;1;27;1.6
110;27x1.8;1.12;27;1.8
111;27x2;1.23;27;2
112;27x2.2;1.35;27;2.2
113;27x2.5;1.51;27;2.5
114;28x1;0.666;28;1
115;28x1.2;0.793;28;1.2
116;28x1.4;0.918;28;1.4
117;28x1.5;0.98;28;1.5
118;28x1.6;1.04;28;1.6
119;28x1.8;1.16;28;1.8
120;28x2;1.28;28;2
121;28x2.2;1.4;28;2.2
122;28x2.5;1.57;28;2.5
123;30x1;0.715;30;1
124;30x1.2;0.852;30;1.2
125;30x1.4;0.987;30;1.4
126;30x1.5;1.05;30;1.5
127;30x1.6;1.12;30;1.6
128;30x1.8;1.25;30;1.8
129;30x2;1.38;30;2
130;30x2.2;1.51;30;2.2
131;30x2.5;1.7;30;2.5
132;32x1;0.765;32;1
133;32x1.2;0.911;32;1.2
134;32x1.4;1.06;32;1.4
135;32x1.5;1.13;32;1.5
136;32x1.6;1.2;32;1.6
137;32x1.8;1.34;32;1.8
138;32x2;1.48;32;2
139;32x2.2;1.62;32;2.2
140;32x2.5;1.82;32;2.5
141;32x2.8;2.02;32;2.8
142;32x3;2.15;32;3
143;33x1;0.789;33;1
144;33x1.2;0.941;33;1.2
145;33x1.4;1.09;33;1.4
146;33x1.5;1.17;33;1.5
147;33x1.6;1.24;33;1.6
148;33x1.8;1.38;33;1.8
149;33x2;1.53;33;2
150;33x2.2;1.67;33;2.2
151;33x2.5;1.88;33;2.5
152;33x2.8;2.09;33;2.8
153;33x3;2.22;33;3
154;33.7x1.2;0.962;33.7;1.2
155;33.7x1.4;1.12;33.7;1.4
156;33.7x1.5;1.19;33.7;1.5
157;33.7x1.6;1.27;33.7;1.6
158;33.7x1.8;1.42;33.7;1.8
159;33.7x2;1.56;33.7;2
160;33.7x2.2;1.71;33.7;2.2
161;33.7x2.5;1.92;33.7;2.5
162;33.7x2.8;2.13;33.7;2.8
163;33.7x3;2.27;33.7;3
164;35x1.2;1;35;1.2
165;35x1.4;1.16;35;1.4
166;35x1.5;1.24;35;1.5
167;35x1.6;1.32;35;1.6
168;35x1.8;1.47;35;1.8
169;35x2;1.63;35;2
170;35x2.2;1.78;35;2.2
171;35x2.5;2;35;2.5
172;35x2.8;2.22;35;2.8
173;35x3;2.37;35;3
174;36x1.2;1.03;36;1.2
175;36x1.4;1.19;36;1.4
176;36x1.5;1.28;36;1.5
177;36x1.6;1.36;36;1.6
178;36x1.8;1.52;36;1.8
179;36x2;1.68;36;2
180;36x2.2;1.83;36;2.2
181;36x2.5;2.07;36;2.5
182;36x2.8;2.29;36;2.8
183;36x3;2.44;36;3
184;38x1.2;1.09;38;1.2
185;38x1.4;1.26;38;1.4
186;38x1.5;1.35;38;1.5
187;38x1.6;1.44;38;1.6
188;38x1.8;1.61;38;1.8
189;38x2;1.78;38;2
190;38x2.2;1.94;38;2.2
191;38x2.5;2.19;38;2.5
192;38x2.8;2.43;38;2.8
193;38x3;2.59;38;3
194;40x1.2;1.15;40;1.2
195;40x1.4;1.33;40;1.4
196;40x1.5;1.42;40;1.5
197;40x1.6;1.52;40;1.6
198;40x1.8;1.7;40;1.8
199;40x2;1.87;40;2
200;40x2.2;2.05;40;2.2
201;40x2.5;2.31;40;2.5
202;40x2.8;2.57;40;2.8
203;40x3;2.74;40;3
204;42x1.2;1.21;42;1.2
205;42x1.4;1.4;42;1.4
206;42x1.5;1.5;42;1.5
207;42x1.6;1.59;42;1.6
208;42x1.8;1.78;42;1.8
209;42x2;1.97;42;2
210;42x2.2;2.16;42;2.2
211;42x2.5;2.44;42;2.5
212;42x2.8;2.71;42;2.8
213;42x3;2.89;42;3
214;44.5x1.2;1.28;44.5;1.2
215;44.5x1.4;1.49;44.5;1.4
216;44.5x1.5;1.59;44.5;1.5
217;44.5x1.6;1.69;44.5;1.6
218;44.5x1.8;1.9;44.5;1.8
219;44.5x2;2.1;44.5;2
220;44.5x2.2;2.29;44.5;2.2
221;44.5x2.5;2.59;44.5;2.5
222;44.5x2.8;2.88;44.5;2.8
223;44.5x3;3.07;44.5;3
224;45x1.2;1.3;45;1.2
225;45x1.4;1.51;45;1.4
226;45x1.5;1.61;45;1.5
227;45x1.6;1.71;45;1.6
228;45x1.8;1.92;45;1.8
229;45x2;2.12;45;2
230;45x2.2;2.32;45;2.2
231;45x2.5;2.62;45;2.5
232;45x2.8;2.91;45;2.8
233;45x3;3.11;45;3
234;48x1.4;1.61;48;1.4
235;48x1.5;1.72;48;1.5
236;48x1.6;1.83;48;1.6
237;48x1.8;2.05;48;1.8
238;48x2;2.27;48;2
239;48x2.2;2.48;48;2.2
240;48x2.5;2.81;48;2.5
241;48x2.8;3.12;48;2.8
242;48x3;3.33;48;3
243;48x3.2;3.54;48;3.2
244;48x3.5;3.84;48;3.5
245;48.3x1.4;1.62;48.3;1.4
246;48.3x1.5;1.73;48.3;1.5
247;48.3x1.6;1.84;48.3;1.6
248;48.3x1.8;2.06;48.3;1.8
249;48.3x2;2.28;48.3;2
250;48.3x2.2;2.5;48.3;2.2
251;48.3x2.5;2.82;48.3;2.5
252;48.3x2.8;3.14;48.3;2.8
253;48.3x3;3.35;48.3;3
254;48.3x3.2;3.56;48.3;3.2
255;48.3x3.5;3.87;48.3;3.5
256;51x1.4;1.71;51;1.4
257;51x1.5;1.83;51;1.5
258;51x1.6;1.95;51;1.6
259;51x1.8;2.18;51;1.8
260;51x2;2.42;51;2
261;51x2.2;2.65;51;2.2
262;51x2.5;2.99;51;2.5
263;51x2.8;3.33;51;2.8
264;51x3;3.55;51;3
265;51x3.2;3.77;51;3.2
266;51x3.5;4.1;51;3.5
267;53x1.4;1.78;53;1.4
268;53x1.5;1.91;53;1.5
269;53x1.6;2.03;53;1.6
270;53x1.8;2.27;53;1.8
271;53x2;2.52;53;2
272;53x2.2;2.76;53;2.2
273;53x2.5;3.11;53;2.5
274;53x2.8;3.47;53;2.8
275;53x3;3.7;53;3
276;53x3.2;3.93;53;3.2
277;53x3.5;4.27;53;3.5
278;54x1.4;1.82;54;1.4
279;54x1.5;1.94;54;1.5
280;54x1.6;2.07;54;1.6
281;54x1.8;2.32;54;1.8
282;54x2;2.56;54;2
283;54x2.2;2.81;54;2.2
284;54x2.5;3.18;54;2.5
285;54x2.8;3.54;54;2.8
286;54x3;3.77;54;3
287;54x3.2;4.01;54;3.2
288;54x3.5;4.36;54;3.5
289;57x1.4;1.92;57;1.4
290;57x1.5;2.05;57;1.5
291;57x1.6;2.19;57;1.6
292;57x1.8;2.45;57;1.8
293;57x2;2.71;57;2
294;57x2.2;2.97;57;2.2
295;57x2.5;3.36;57;2.5
296;57x2.8;3.74;57;2.8
297;57x3;4;57;3
298;57x3.2;4.25;57;3.2
299;57x3.5;4.62;57;3.5
300;60x1.4;2.02;60;1.4
301;60x1.5;2.16;60;1.5
302;60x1.6;2.3;60;1.6
303;60x1.8;2.58;60;1.8
304;60x2;2.86;60;2
305;60x2.2;3.14;60;2.2
306;60x2.5;3.54;60;2.5
307;60x2.8;3.95;60;2.8
308;60x3;4.22;60;3
309;60x3.2;4.48;60;3.2
310;60x3.5;4.88;60;3.5
311;60x3.8;5.27;60;3.8
312;63.5x1.4;2.14;63.5;1.4
313;63.5x1.5;2.29;63.5;1.5
314;63.5x1.6;2.44;63.5;1.6
315;63.5x1.8;2.74;63.5;1.8
316;63.5x2;3.03;63.5;2
317;63.5x2.2;3.33;63.5;2.2
318;63.5x2.5;3.76;63.5;2.5
319;63.5x2.8;4.19;63.5;2.8
320;63.5x3;4.48;63.5;3
321;63.5x3.2;4.76;63.5;3.2
322;63.5x3.5;5.18;63.5;3.5
323;63.5x3.8;5.59;63.5;3.8
324;70x1.4;2.37;70;1.4
325;70x1.5;2.53;70;1.5
326;70x1.6;2.7;70;1.6
327;70x1.8;3.03;70;1.8
328;70x2;3.35;70;2
329;70x2.2;3.68;70;2.2
330;70x2.5;4.16;70;2.5
331;70x2.8;4.64;70;2.8
332;70x3;4.96;70;3
333;70x3.2;5.27;70;3.2
334;70x3.5;5.74;70;3.5
335;70x3.8;6.2;70;3.8
336;70x4;6.51;70;4
337;73x1.4;2.47;73;1.4
338;73x1.5;2.64;73;1.5
339;73x1.6;2.82;73;1.6
340;73x1.8;3.16;73;1.8
341;73x2;3.5;73;2
342;73x2.2;3.84;73;2.2
343;73x2.5;4.35;73;2.5
344;73x2.8;4.85;73;2.8
345;73x3;5.18;73;3
346;73x3.2;5.51;73;3.2
347;73x3.5;6;73;3.5
348;73x3.8;6.48;73;3.8
349;73x4;6.81;73;4
350;76x1.4;2.58;76;1.4
351;76x1.5;2.76;76;1.5
352;76x1.6;2.94;76;1.6
353;76x1.8;3.29;76;1.8
354;76x2;3.65;76;2
355;76x2.2;4;76;2.2
356;76x2.5;4.53;76;2.5
357;76x2.8;5.05;76;2.8
358;76x3;5.4;76;3
359;76x3.2;5.74;76;3.2
360;76x3.5;6.26;76;3.5
361;76x3.8;6.77;76;3.8
362;76x4;7.1;76;4
363;76x4.5;7.93;76;4.5
364;76x5;8.75;76;5
365;76x5.5;9.56;76;5.5
366;83x1.6;3.21;83;1.6
367;83x1.8;3.6;83;1.8
368;83x2;4;83;2
369;83x2.2;4.38;83;2.2
370;83x2.5;4.96;83;2.5
371;83x2.8;5.54;83;2.8
372;83x3;5.92;83;3
373;83x3.2;6.3;83;3.2
374;83x3.5;6.86;83;3.5
375;83x3.8;7.42;83;3.8
376;83x4;7.79;83;4
377;83x4.5;8.71;83;4.5
378;83x5;9.62;83;5
379;83x5.5;10.51;83;5.5
380;89x1.6;3.45;89;1.6
381;89x1.8;3.87;89;1.8
382;89x2;4.29;89;2
383;89x2.2;4.71;89;2.2
384;89x2.5;5.33;89;2.5
385;89x2.8;5.95;89;2.8
386;89x3;6.36;89;3
387;89x3.2;6.77;89;3.2
388;89x3.5;7.38;89;3.5
389;89x3.8;7.98;89;3.8
390;89x4;8.38;89;4
391;89x4.5;9.38;89;4.5
392;89x5;10.36;89;5
393;89x5.5;11.33;89;5.5
394;95x2;4.59;95;2
395;95x2.5;5.7;95;2.5
396;95x3.2;7.24;95;3.2
397;95x5;11.1;95;5
398;102x1.8;4.45;102;1.8
399;102x2;4.93;102;2
400;102x2.2;5.41;102;2.2
401;102x2.5;6.13;102;2.5
402;102x2.8;6.85;102;2.8
403;102x3;7.32;102;3
404;102x3.2;7.8;102;3.2
405;102x3.5;8.5;102;3.5
406;102x3.8;9.2;102;3.8
407;102x4;9.67;102;4
408;102x4.5;10.82;102;4.5
409;102x5;11.96;102;5
410;102x5.5;13.09;102;5.5
411;108x1.8;4.71;108;1.8
412;108x2;5.23;108;2
413;108x2.2;5.74;108;2.2
414;108x2.5;6.5;108;2.5
415;108x2.8;7.26;108;2.8
416;108x3;7.77;108;3
417;108x3.2;8.27;108;3.2
418;108x3.5;9.02;108;3.5
419;108x3.8;9.76;108;3.8
420;108x4;10.26;108;4
421;108x4.5;11.49;108;4.5
422;108x5;12.7;108;5
423;108x5.5;13.9;108;5.5
424;114x1.8;4.98;114;1.8
425;114x2;5.52;114;2
426;114x2.2;6.07;114;2.2
427;114x2.5;6.87;114;2.5
428;114x2.8;7.68;114;2.8
429;114x3;8.21;114;3
430;114x3.2;8.74;114;3.2
431;114x3.5;9.54;114;3.5
432;114x3.8;10.33;114;3.8
433;114x4;10.85;114;4
434;114x4.5;12.15;114;4.5
435;114x5;13.44;114;5
436;114x5.5;14.72;114;5.5
437;127x1.8;5.56;127;1.8
438;127x2;6.17;127;2
439;127x2.2;6.77;127;2.2
440;127x2.5;7.68;127;2.5
441;127x2.8;8.58;127;2.8
442;127x3;9.17;127;3
443;127x3.2;9.77;127;3.2
444;127x3.5;10.66;127;3.5
445;127x3.8;11.55;127;3.8
446;127x4;12.13;127;4
447;127x4.5;13.59;127;4.5
448;127x5;15.04;127;5
449;127x5.5;16.48;127;5.5
450;133x1.8;5.82;133;1.8
451;133x2;6.46;133;2
452;133x2.2;7.1;133;2.2
453;133x2.5;8.05;133;2.5
454;133x2.8;8.99;133;2.8
455;133x3;9.62;133;3
456;133x3.2;10.24;133;3.2
457;133x3.5;11.18;133;3.5
458;133x3.8;12.11;133;3.8
459;133x4;12.72;133;4
460;133x4.5;14.26;133;4.5
461;133x5;15.78;133;5
462;133x5.5;17.29;133;5.5
463;140x1.8;6.13;140;1.8
464;140x2;6.81;140;2
465;140x2.2;7.48;140;2.2
466;140x2.5;8.48;140;2.5
467;140x2.8;9.47;140;2.8
468;140x3;10.14;140;3
469;140x3.2;10.8;140;3.2
470;140x3.5;11.78;140;3.5
471;140x3.8;12.76;140;3.8
472;140x4;13.42;140;4
473;140x4.5;15.04;140;4.5
474;140x5;16.65;140;5
475;140x5.5;18.24;140;5.5
476;152x1.8;6.67;152;1.8
477;152x2;7.4;152;2
478;152x2.2;8.13;152;2.2
479;152x2.5;9.22;152;2.5
480;152x2.8;10.3;152;2.8
481;152x3;11.02;152;3
482;152x3.2;11.74;152;3.2
483;152x3.5;12.82;152;3.5
484;152x3.8;13.89;152;3.8
485;152x4;14.6;152;4
486;152x4.5;16.37;152;4.5
487;152x5;18.13;152;5
488;152x5.5;19.87;152;5.5
489;159x1.8;6.98;159;1.8
490;159x2;7.74;159;2
491;159x2.2;8.51;159;2.2
492;159x2.5;9.65;159;2.5
493;159x2.8;10.79;159;2.8
494;159x3;11.54;159;3
495;159x3.2;12.29;159;3.2
496;159x3.5;13.42;159;3.5
497;159x3.8;14.54;159;3.8
498;159x4;15.29;159;4
499;159x4.5;17.15;159;4.5
500;159x5;18.99;159;5
501;159x5.5;20.82;159;5.5
502;159x6;22.64;159;6
503;159x7;26.24;159;7
504;159x8;29.79;159;8
505;168x1.8;7.38;168;1.8
506;168x2;8.19;168;2
507;168x2.2;9;168;2.2
508;168x2.5;10.2;168;2.5
509;168x2.8;11.41;168;2.8
510;168x3;12.21;168;3
511;168x3.2;13.01;168;3.2
512;168x3.5;14.2;168;3.5
513;168x3.8;15.39;168;3.8
514;168x4;16.18;168;4
515;168x4.5;18.14;168;4.5
516;168x5;20.1;168;5
517;168x5.5;22.04;168;5.5
518;168x6;23.97;168;6
519;168x7;27.79;168;7
520;168x8;31.57;168;8
521;177.8x1.8;7.81;177.8;1.8
522;177.8x2;8.67;177.8;2
523;177.8x2.2;9.53;177.8;2.2
524;177.8x2.5;10.81;177.8;2.5
525;177.8x2.8;12.08;177.8;2.8
526;177.8x3;12.93;177.8;3
527;177.8x3.2;13.78;177.8;3.2
528;177.8x3.5;15.04;177.8;3.5
529;177.8x3.8;16.31;177.8;3.8
530;177.8x4;17.14;177.8;4
531;177.8x4.5;19.23;177.8;4.5
532;177.8x5;21.31;177.8;5
533;177.8x5.5;23.37;177.8;5.5
534;177.8x6;25.42;177.8;6
535;177.8x7;29.48;177.8;7
536;177.8x8;33.5;177.8;8
537;180x4;17.36;180;4
538;180x5;21.58;180;5
539;193.7x2;9.45;193.7;2
540;193.7x2.2;10.39;193.7;2.2
541;193.7x2.5;11.79;193.7;2.5
542;193.7x2.8;13.18;193.7;2.8
543;193.7x3;14.11;193.7;3
544;193.7x3.2;15.03;193.7;3.2
545;193.7x3.5;16.42;193.7;3.5
546;193.7x3.8;17.8;193.7;3.8
547;193.7x4;18.71;193.7;4
548;193.7x4.5;21;193.7;4.5
549;193.7x5;23.27;193.7;5
550;193.7x5.5;25.53;193.7;5.5
551;193.7x6;27.77;193.7;6
552;193.7x7;32.23;193.7;7
553;193.7x8;36.64;193.7;8
554;219x2.5;13.35;219;2.5
555;219x2.8;14.93;219;2.8
556;219x3;15.98;219;3
557;219x3.2;17.03;219;3.2
558;219x3.5;18.6;219;3.5
559;219x3.8;20.17;219;3.8
560;219x4;21.21;219;4
561;219x4.5;23.8;219;4.5
562;219x5;26.39;219;5
563;219x5.5;28.96;219;5.5
564;219x6;31.52;219;6
565;219x7;36.6;219;7
566;219x8;41.63;219;8
567;219x9;46.61;219;9
568;244.5x3;17.87;244.5;3
569;244.5x3.2;19.04;244.5;3.2
570;244.5x3.5;20.8;244.5;3.5
571;244.5x3.8;22.56;244.5;3.8
572;244.5x4;23.72;244.5;4
573;244.5x4.5;26.63;244.5;4.5
574;244.5x5;29.53;244.5;5
575;244.5x5.5;32.42;244.5;5.5
576;244.5x6;35.29;244.5;6
577;244.5x7;41;244.5;7
578;244.5x8;46.66;244.5;8
579;244.5x9;52.27;244.5;9
580;273x3.5;23.26;273;3.5
581;273x3.8;25.23;273;3.8
582;273x4;26.53;273;4
583;273x4.5;29.8;273;4.5
584;273x5;33.05;273;5
585;273x5.5;36.28;273;5.5
586;273x6;39.51;273;6
587;273x7;45.92;273;7
588;273x8;52.28;273;8
589;273x9;58.59;273;9
590;325x4;31.66;325;4
591;325x4.5;35.57;325;4.5
592;325x5;39.46;325;5
593;325x5.5;43.34;325;5.5
594;325x6;47.2;325;6
595;325x7;54.89;325;7
596;325x8;62.54;325;8
597;325x9;70.14;325;9
598;355.6x4;34.68;355.6;4
599;355.6x4.5;38.96;355.6;4.5
600;355.6x5;43.23;355.6;5
601;355.6x5.5;47.49;355.6;5.5
602;355.6x6;51.73;355.6;6
603;355.6x7;60.18;355.6;7
604;355.6x8;68.58;355.6;8
605;355.6x9;76.93;355.6;9
606;355.6x10;85.23;355.6;10
607;377x4;36.79;377;4
608;377x4.5;41.34;377;4.5
609;377x5;45.87;377;5
610;377x5.5;50.39;377;5.5
611;377x6;54.89;377;6
612;377x7;63.87;377;7
613;377x8;72.8;377;8
614;377x9;81.68;377;9
615;377x10;90.51;377;10
616;406.4x4;39.69;406.4;4
617;406.4x4.5;44.6;406.4;4.5
618;406.4x5;49.49;406.4;5
619;406.4x5.5;54.38;406.4;5.5
620;406.4x6;59.25;406.4;6
621;406.4x7;68.95;406.4;7
622;406.4x8;78.6;406.4;8
623;406.4x9;88.2;406.4;9
624;406.4x10;97.76;406.4;10
625;406.4x11;107.26;406.4;11
626;406.4x12;116.71;406.4;12
627;426x4;41.63;426;4
628;426x4.5;46.78;426;4.5
629;426x5;51.91;426;5
630;426x5.5;57.03;426;5.5
631;426x6;62.15;426;6
632;426x7;72.33;426;7
633;426x8;82.47;426;8
634;426x9;92.55;426;9
635;426x10;102.59;426;10
636;426x11;112.58;426;11
637;426x12;122.51;426;12
638;478x5;58.32;478;5
639;478x5.5;64.09;478;5.5
640;478x6;69.84;478;6
641;478x7;81.31;478;7
642;478x8;92.72;478;8
643;478x9;104.09;478;9
644;478x10;115.41;478;10
645;478x11;126.68;478;11
646;478x12;137.9;478;12
647;530x5;64.73;530;5
648;530x5.5;71.14;530;5.5
649;530x6;77.53;530;6
650;530x7;90.28;530;7
651;530x8;102.98;530;8
652;530x9;115.63;530;9
653;530x10;128.24;530;10
654;530x11;140.79;530;11
655;530x12;153.29;530;12
656;530x13;165.75;530;13
657;530x14;178.15;530;14
658;530x16;202.81;530;16
659;530x17;215.07;530;17
660;530x17.5;221.18;530;17.5
661;530x18;227.27;530;18
662;530x19;239.43;530;19
663;530x20;251.54;530;20
664;530x21;263.6;530;21
665;530x22;275.61;530;22
666;530x23;287.57;530;23
667;530x24;299.48;530;24
668;630x7;107.55;630;7
669;630x8;122.71;630;8
670;630x9;137.83;630;9
671;630x10;152.9;630;10
672;630x11;167.92;630;11
673;630x12;182.88;630;12
674;630x13;197.8;630;13
675;630x14;212.67;630;14
676;630x16;242.27;630;16
677;630x17;256.99;630;17
678;630x17.5;264.33;630;17.5
679;630x18;271.66;630;18
680;630x19;286.29;630;19
681;630x20;300.86;630;20
682;720x7;123.08;720;7
683;720x8;140.47;720;8
684;720x9;157.8;720;9
685;720x10;175.09;720;10
686;720x11;192.33;720;11
687;720x12;209.52;720;12
688;720x13;226.66;720;13
689;720x14;243.75;720;14
690;720x16;277.78;720;16
691;720x17;294.72;720;17
692;720x17.5;303.17;720;17.5
693;720x18;311.61;720;18
694;720x19;328.46;720;19
695;720x20;345.25;720;20
696;720x21;362;720;21
697;720x22;378.69;720;22
698;720x23;395.34;720;23
699;720x24;411.93;720;24
700;720x25;428.48;720;25
701;720x26;444.98;720;26
702;720x27;461.43;720;27
703;720x28;477.83;720;28
704;720x29;494.18;720;29
705;720x30;510.48;720;30
706;820x7;140.34;820;7
707;820x8;160.2;820;8
708;820x9;180;820;9
709;820x10;199.75;820;10
710;820x11;219.46;820;11
711;820x12;239.11;820;12
712;820x13;258.72;820;13
713;820x14;278.27;820;14
714;820x16;317.24;820;16
715;820x17;336.64;820;17
716;820x17.5;346.33;820;17.5
717;820x18;356;820;18
718;820x19;375.31;820;19
719;820x20;394.57;820;20
720;820x21;413.78;820;21
721;820x22;432.94;820;22
722;820x23;452.06;820;23
723;820x24;471.12;820;24
724;820x25;490.13;820;25
725;820x26;509.1;820;26
726;820x27;528.01;820;27
727;820x28;546.88;820;28
728;820x29;565.69;820;29
729;820x30;584.46;820;30
730;920x7;157.61;920;7
731;920x8;179.93;920;8
732;920x9;202.19;920;9
733;920x10;224.41;920;10
734;920x11;246.58;920;11
735;920x12;268.7;920;12
736;920x13;290.78;920;13
737;920x14;312.8;920;14
738;920x16;356.69;920;16
739;920x17;378.57;920;17
740;920x17.5;389.49;920;17.5
741;920x18;400.39;920;18
742;920x19;422.17;920;19
743;920x20;443.89;920;20
744;1020x8;199.65;1020;8
745;1020x9;224.39;1020;9
746;1020x10;249.07;1020;10
747;1020x11;273.71;1020;11
748;1020x12;298.3;1020;12
749;1020x13;322.83;1020;13
750;1020x14;347.32;1020;14
751;1020x16;396.15;1020;16
752;1020x17;420.49;1020;17
753;1020x17.5;432.64;1020;17.5
754;1020x18;444.78;1020;18
755;1020x19;469.02;1020;19
756;1020x20;493.22;1020;20
757;1020x21;517.36;1020;21
758;1020x22;541.45;1020;22
759;1020x23;565.5;1020;23
760;1020x24;589.49;1020;24
761;1020x25;613.44;1020;25
762;1020x26;637.33;1020;26
763;1020x27;661.18;1020;27
764;1020x28;684.98;1020;28
765;1020x29;708.73;1020;29
766;1020x30;732.43;1020;30
767;1020x31;756.07;1020;31
768;1020x32;779.68;1020;32
769;1120x8;219.38;1120;8
770;1120x9;246.58;1120;9
771;1120x10;273.73;1120;10
772;1120x11;300.84;1120;11
773;1120x12;327.89;1120;12
774;1120x13;354.89;1120;13
775;1120x14;381.85;1120;14
776;1120x16;435.61;1120;16
777;1120x17;462.41;1120;17
778;1120x17.5;475.8;1120;17.5
779;1120x18;489.17;1120;18
780;1120x19;515.88;1120;19
781;1120x20;542.54;1120;20
782;1220x9;268.78;1220;9
783;1220x10;298.4;1220;10
784;1220x11;327.96;1220;11
785;1220x12;357.48;1220;12
786;1220x13;386.95;1220;13
787;1220x14;416.37;1220;14
788;1220x16;475.07;1220;16
789;1220x17;504.34;1220;17
790;1220x17.5;518.96;1220;17.5
791;1220x18;533.56;1220;18
792;1220x19;562.73;1220;19
793;1220x20;591.86;1220;20
794;1420x10;347.72;1420;10
795;1420x11;382.22;1420;11
796;1420x12;416.67;1420;12
797;1420x13;451.07;1420;13
798;1420x14;485.42;1420;14
799;1420x16;553.98;1420;16
800;1420x17;588.18;1420;17
801;1420x17.5;605.27;1420;17.5
802;1420x18;622.34;1420;18
803;1420x19;656.45;1420;19
804;1420x20;690.5;1420;20
