ОКП;Lp;l;A;B;b;h;h1;Pt;Pk;ves;q;hp;np;type
315723110102;3;0.3;600;1260;630;1200;350;7.2;3.6;0.63;1;6;1;4
315723110201;3;0.6;600;1260;630;1200;350;7.2;3.6;0.63;1;6;1;4
315723110300;4.2;0.3;600;1260;630;1200;350;7.2;3.6;0.63;1;6;1;4
315723110410;4.2;0.6;600;1260;630;1200;350;7.2;3.6;0.63;1;6;1;4
315723110509;6;0.3;600;1460;730;1200;350;7.4;3.7;0.77;1;6;1;4
315723110608;6;0.6;600;1460;730;1200;350;7.4;3.7;0.77;1;6;1;4
315723110707;6;0.9;600;1460;730;1200;350;7.4;3.7;0.77;1;6;1;4
315723110905;9;0.6;600;1460;730;1200;350;7.8;3.9;0.91;1;6;1;4
315723111100;9;0.9;600;1460;730;1200;350;7.8;3.9;0.91;1;6;1;4
315723111210;9;1.2;600;1460;730;1200;350;7.8;3.9;0.91;1;6;1;4
315723111309;9;1.5;600;1460;730;1200;350;7.8;3.9;0.91;1;6;1;4
315723111408;12;0.6;600;1710;855;1280;430;8.5;4.25;1.21;1;6;1;4
315723111507;12;0.9;600;1710;855;1280;430;8.5;4.25;1.21;1;6;1;4
315723111606;12;1.2;600;1710;855;1280;430;8.5;4.25;1.21;1;6;1;4
315723111705;12;1.5;600;1710;855;1280;430;8.5;4.25;1.21;1;6;1;4
315723111804;15;0.6;600;1710;855;1360;510;9.2;4.6;1.51;1;6;1;4
315723111903;15;0.9;600;1710;855;1360;510;9.2;4.6;1.51;1;6;1;4
315723112109;15;1.2;600;1710;855;1360;510;9.2;4.6;1.51;1;6;1;4
315723112208;15;1.5;600;1710;855;1360;510;9.2;4.6;1.51;1;6;1;4
315724110108;3;0.3;600;1260;630;1580;430;12.7;6.35;0.74;2;6;1;4
315724110207;3;0.6;600;1260;630;1580;430;12.7;6.35;0.74;2;6;1;4
315724110306;4.2;0.3;600;1260;630;1580;430;12.7;6.35;0.74;2;6;1;4
315724110405;4.2;0.6;600;1260;630;1580;430;12.7;6.35;0.74;2;6;1;4
315724110504;6;0.3;600;1460;730;1580;430;13.1;6.55;0.96;2;6;1;4
315724110603;6;0.6;600;1460;730;1580;430;13.1;6.55;0.96;2;6;1;4
315724110702;6;0.9;600;1460;730;1580;430;13.1;6.55;0.96;2;6;1;4
315724110900;9;0.6;600;1460;730;1660;510;13.8;6.9;1.23;2;6;1;4
315724111106;9;0.9;600;1460;730;1660;510;13.8;6.9;1.23;2;6;1;4
315724111205;9;1.2;600;1460;730;1660;510;13.8;6.9;1.23;2;6;1;4
315724111304;9;1.5;600;1460;730;1660;510;13.8;6.9;1.23;2;6;1;4
315724111403;12;0.6;600;1710;855;1660;510;14.5;7.25;1.52;2;6;1;4
315724111502;12;0.9;600;1710;855;1660;510;14.5;7.25;1.52;2;6;1;4
315724111601;12;1.2;600;1710;855;1660;510;14.5;7.25;1.52;2;6;1;4
315724111700;12;1.5;600;1710;855;1660;510;14.5;7.25;1.52;2;6;1;4
315724111810;15;0.6;600;1710;855;1740;590;15.3;7.65;1.86;2;6;1;4
315724111909;15;0.9;600;1710;855;1740;590;15.3;7.65;1.86;2;6;1;4
315724112104;15;1.2;600;1710;855;1740;590;15.3;7.65;1.86;2;6;1;4
315724112203;15;1.5;600;1710;855;1740;590;15.3;7.65;1.86;2;6;1;4
315725110103;3;0.3;600;1260;630;1810;500;19.8;9.9;1.02;3.2;6;1;4
315725110202;3;0.6;600;1260;630;1810;500;19.8;9.9;1.02;3.2;6;1;4
315725110301;4.2;0.3;600;1260;630;1810;500;19.8;9.9;1.02;3.2;6;1;4
315725110400;4.2;0.6;600;1260;630;1810;500;19.8;9.9;1.02;3.2;6;1;4
315725110510;6;0.3;600;1460;730;1810;500;20.3;10.15;1.27;3.2;6;1;4
315725110609;6;0.6;600;1460;730;1810;500;20.3;10.15;1.27;3.2;6;1;4
315725110708;6;0.9;600;1460;730;1810;500;20.3;10.15;1.27;3.2;6;1;4
315725110906;9;0.6;600;1460;730;1890;580;21.4;10.7;1.71;3.2;6;1;4
315725111101;9;0.9;600;1460;730;1890;580;21.4;10.7;1.71;3.2;6;1;4
315725111200;9;1.2;600;1460;730;1890;580;21.4;10.7;1.71;3.2;6;1;4
315725111310;9;1.5;600;1460;730;1890;580;21.4;10.7;1.71;3.2;6;1;4
315725111409;12;0.6;600;1710;855;2010;700;22;11;1.91;3.2;6;1;4
315725111508;12;0.9;600;1710;855;2010;700;22;11;1.91;3.2;6;1;4
315725111607;12;1.2;600;1710;855;2010;700;22;11;1.91;3.2;6;1;4
315725111706;12;1.5;600;1710;855;2010;700;22;11;1.91;3.2;6;1;4
315725111805;15;0.6;600;1710;855;2010;700;23.4;11.7;2.48;3.2;6;1;4
315725111904;15;0.9;600;1710;855;2010;700;23.4;11.7;2.48;3.2;6;1;4
315725112110;15;1.2;600;1710;855;2010;700;23.4;11.7;2.48;3.2;6;1;4
315725112209;15;1.5;600;1710;855;2010;700;23.4;11.7;2.48;3.2;6;1;4
315726110109;3;0.3;900;1860;930;2040;530;15.7;7.85;1.75;5;6;1;4
315726110208;3;0.6;900;1860;930;2040;530;15.7;7.85;1.75;5;6;1;4
315726110307;4.2;0.3;900;1860;930;2120;600;15.7;7.85;1.75;5;6;1;4
315726110406;4.2;0.6;900;1860;930;2120;600;15.7;7.85;1.75;5;6;1;4
315726110505;6;0.3;900;2100;1050;2120;600;16.4;8.2;2.06;5;6;1;4
315726110604;6;0.6;900;2100;1050;2120;600;16.4;8.2;2.06;5;6;1;4
315726110703;6;0.9;900;2100;1050;2120;600;16.4;8.2;2.06;5;6;1;4
315726110901;9;0.6;900;2100;1050;2240;720;16.9;8.45;2.41;5;6;1;4
315726111107;9;0.9;900;2100;1050;2240;720;16.9;8.45;2.41;5;6;1;4
315726111206;9;1.2;900;2100;1050;2240;720;16.9;8.45;2.41;5;6;1;4
315726111305;9;1.5;900;2100;1050;2240;720;16.9;8.45;2.41;5;6;1;4
315726111404;12;0.6;900;2100;1050;2240;720;17.4;8.7;2.81;5;6;1;4
315726111503;12;0.9;900;2100;1050;2240;720;17.4;8.7;2.81;5;6;1;4
315726111602;12;1.2;900;2100;1050;2240;720;17.4;8.7;2.81;5;6;1;4
315726111701;12;1.5;900;2100;1050;2240;720;17.4;8.7;2.81;5;6;1;4
315726111800;15;0.6;900;2100;1050;2240;720;17.9;8.95;3.28;5;6;1;4
315726111910;15;0.9;900;2100;1050;2240;720;17.9;8.95;3.28;5;6;1;4
315726112105;15;1.2;900;2100;1050;2240;720;17.9;8.95;3.28;5;6;1;4
315726112204;15;1.5;900;2100;1050;2240;720;17.9;8.95;3.28;5;6;1;4
315728110110;3;0.3;900;1840;920;2350;670;36;9;2.3;8;12;1;4
315728110110;3;0.6;900;1840;920;2350;670;36;9;2.3;8;12;1;4
315728110308;4.2;0.3;900;1840;920;2350;670;42.4;10.6;2.5;8;12;1;4
315728110308;4.2;0.6;900;1840;920;2350;670;42.4;10.6;2.5;8;12;1;4
315728110605;6;0.3;900;1840;920;2350;670;50.4;12.3;2.9;8;12;1;4
315728110803;6;0.6;900;1840;920;2350;670;50.4;12.3;2.9;8;12;1;4
315728111108;6;0.9;900;1840;920;2350;670;50.4;12.3;2.9;8;12;1;4
315728111306;6;1.2;900;1840;920;2350;670;50.4;12.3;2.9;8;12;1;4
315728111702;9;0.3;900;1840;920;2350;670;52;13;3.3;8;12;1;4
315728111900;9;0.6;900;1840;920;2350;670;52;13;3.3;8;12;1;4
315728112106;9;0.9;900;1840;920;2350;670;52;13;3.3;8;12;1;4
315728112205;9;1.2;900;1840;920;2350;670;52;13;3.3;8;12;1;4
315728116703;9;1.5;900;1840;920;2350;670;52;13;3.3;8;12;1;4
315727112101;3;0.9;2200;2900;1450;2360;530;75.6;18.9;4.8;10;18;1;4
315727112210;4.2;0.9;2200;2900;1450;2360;530;75.6;18.9;4.8;10;18;1;4
315727112408;6;0.9;2200;2900;1450;2360;530;79.6;19.9;5;10;18;1;4
315727112408;6;1.2;2200;2900;1450;2360;530;79.6;19.9;5;10;18;1;4
315727112507;9;1.2;2200;2900;1450;2360;530;82.8;20.7;5.7;10;18;1;4
315727112507;9;1.5;2200;2900;1450;2360;530;82.8;20.7;5.7;10;18;1;4
315727110709;3;0.9;2200;2900;1450;2360;530;77.2;19.3;4.9;10;24;1;4
315727110808;4.2;0.9;2200;2900;1450;2360;530;77.2;19.3;4.9;10;24;1;4
315727111102;6;0.9;2200;2900;1450;2360;530;81.2;20.3;5.1;10;24;1;4
315727111102;6;1.2;2200;2900;1450;2360;530;81.2;20.3;5.1;10;24;1;4
315727112804;9;1.2;2200;2900;1450;2360;530;84.4;21.1;5.8;10;24;1;4
315727112804;9;1.5;2200;2900;1450;2360;530;84.4;21.1;5.8;10;24;1;4
315727111410;3;0.9;2200;2900;1450;2360;530;81.6;20.4;5.1;10;36;1;4
315727111509;4.2;0.9;2200;2900;1450;2360;530;81.6;20.4;5.1;10;36;1;4
315727111707;6;0.9;2200;2900;1450;2360;530;86;21.5;5.3;10;36;1;4
315727111707;6;1.2;2200;2900;1450;2360;530;86;21.5;5.3;10;36;1;4
315727112903;9;1.2;2200;2900;1450;2360;530;89.6;22.4;6;10;36;1;4
315727112903;9;1.5;2200;2900;1450;2360;530;89.6;22.4;6;10;36;1;4
315723210109;7.5+7.5;0.6;600;1460;730;1200;350;8;4;1.25;1;6;2;4
315723210208;7.5+7.5;0.9;600;1460;730;1200;350;8;4;1.25;1;6;2;4
315723210307;7.5+7.5;1.2;600;1460;730;1200;350;8;4;1.25;1;6;2;4
315723210406;9.0+9.0;0.6;600;1460;730;1200;350;8.7;4.35;1.66;1;6;2;4
315723210505;9.0+9.0;0.9;600;1460;730;1200;350;8.7;4.35;1.66;1;6;2;4
315723210604;9.0+9.0;1.2;600;1460;730;1200;350;8.7;4.35;1.66;1;6;2;4
315723210703;9.0+9.0;1.5;600;1460;730;1200;350;8.7;4.35;1.66;1;6;2;4
315723210802;10.5+10.5;0.6;600;1460;730;1280;430;8.9;4.45;1.81;1;6;2;4
315723210901;10.5+10.5;0.9;600;1460;730;1280;430;8.9;4.45;1.81;1;6;2;4
315723211107;10.5+10.5;1.2;600;1460;730;1280;430;8.9;4.45;1.81;1;6;2;4
315723211206;10.5+10.5;1.5;600;1460;730;1280;430;8.9;4.45;1.81;1;6;2;4
315723211305;12.0+12.0;0.6;600;1710;855;1360;510;9.6;4.8;2.18;1;6;2;4
315723211404;12.0+12.0;0.9;600;1710;855;1360;510;9.6;4.8;2.18;1;6;2;4
315723211503;12.0+12.0;1.2;600;1710;855;1360;510;9.6;4.8;2.18;1;6;2;4
315723211602;12.0+12.0;1.5;600;1710;855;1360;510;9.6;4.8;2.18;1;6;2;4
315724210104;7.5+7.5;0.6;600;1460;730;1580;430;14.2;7.1;1.7;2;6;2;4
315724210203;7.5+7.5;0.9;600;1460;730;1580;430;14.2;7.1;1.7;2;6;2;4
315724210302;7.5+7.5;1.2;600;1460;730;1580;430;14.2;7.1;1.7;2;6;2;4
315724210401;9.0+9.0;0.6;600;1460;730;1580;430;14.8;7.4;2.08;2;6;2;4
315724210500;9.0+9.0;0.9;600;1460;730;1580;430;14.8;7.4;2.08;2;6;2;4
315724210610;9.0+9.0;1.2;600;1460;730;1580;430;14.8;7.4;2.08;2;6;2;4
315724210709;9.0+9.0;1.5;600;1460;730;1580;430;14.8;7.4;2.08;2;6;2;4
315724210808;10.5+10.5;0.6;600;1460;730;1580;430;15.1;7.55;2.26;2;6;2;4
315724210907;10.5+10.5;0.9;600;1460;730;1580;430;15.1;7.55;2.26;2;6;2;4
315724211102;10.5+10.5;1.2;600;1460;730;1580;430;15.1;7.55;2.26;2;6;2;4
315724211201;10.5+10.5;1.5;600;1460;730;1580;430;15.1;7.55;2.26;2;6;2;4
315724211300;12.0+12.0;0.6;600;1710;855;1660;510;15.4;7.7;2.46;2;6;2;4
315724211410;12.0+12.0;0.9;600;1710;855;1660;510;15.4;7.7;2.46;2;6;2;4
315724211509;12.0+12.0;1.2;600;1710;855;1660;510;15.4;7.7;2.46;2;6;2;4
315724211608;12.0+12.0;1.5;600;1710;855;1660;510;15.4;7.7;2.46;2;6;2;4
315725210110;7.5+7.5;0.6;600;1460;730;1810;500;21.8;10.9;1.99;3.2;6;2;4
315725210209;7.5+7.5;0.9;600;1460;730;1810;500;21.8;10.9;1.99;3.2;6;2;4
315725210308;7.5+7.5;1.2;600;1460;730;1810;500;21.8;10.9;1.99;3.2;6;2;4
315725210407;9.0+9.0;0.6;600;1460;730;1890;580;22.8;11.4;2.66;3.2;6;2;4
315725210506;9.0+9.0;0.9;600;1460;730;1890;580;22.8;11.4;2.66;3.2;6;2;4
315725210605;9.0+9.0;1.2;600;1460;730;1890;580;22.8;11.4;2.66;3.2;6;2;4
315725210704;9.0+9.0;1.5;600;1460;730;1890;580;22.8;11.4;2.66;3.2;6;2;4
315725210803;10.5+10.5;0.6;600;1460;730;1890;580;23.2;11.6;2.85;3.2;6;2;4
315725210902;10.5+10.5;0.9;600;1460;730;1890;580;23.2;11.6;2.85;3.2;6;2;4
315725211108;10.5+10.5;1.2;600;1460;730;1890;580;23.2;11.6;2.85;3.2;6;2;4
315725211207;10.5+10.5;1.5;600;1460;730;1890;580;23.2;11.6;2.85;3.2;6;2;4
315725211306;12.0+12.0;0.6;600;1710;855;2010;700;23.6;11.8;3.1;3.2;6;2;4
315725211405;12.0+12.0;0.9;600;1710;855;2010;700;23.6;11.8;3.1;3.2;6;2;4
315725211504;12.0+12.0;1.2;600;1710;855;2010;700;23.6;11.8;3.1;3.2;6;2;4
315725211603;12.0+12.0;1.5;600;1710;855;2010;700;23.6;11.8;3.1;3.2;6;2;4
315726210105;7.5+7.5;0.6;900;2100;1050;2120;600;16.8;8.4;3.07;5;6;2;4
315726210204;7.5+7.5;0.9;900;2100;1050;2120;600;16.8;8.4;3.07;5;6;2;4
315726210303;7.5+7.5;1.2;900;2100;1050;2120;600;16.8;8.4;3.07;5;6;2;4
315726210402;9.0+9.0;0.6;900;2100;1050;2120;600;17.2;8.6;3.56;5;6;2;4
315726210501;9.0+9.0;0.9;900;2100;1050;2120;600;17.2;8.6;3.56;5;6;2;4
315726210600;9.0+9.0;1.2;900;2100;1050;2120;600;17.2;8.6;3.56;5;6;2;4
315726210710;9.0+9.0;1.5;900;2100;1050;2120;600;17.2;8.6;3.56;5;6;2;4
315726210809;10.5+10.5;0.6;900;2100;1050;2120;600;17.4;8.7;3.8;5;6;2;4
315726210908;10.5+10.5;0.9;900;2100;1050;2120;600;17.4;8.7;3.8;5;6;2;4
315726211103;10.5+10.5;1.2;900;2100;1050;2120;600;17.4;8.7;3.8;5;6;2;4
315726211202;10.5+10.5;1.5;900;2100;1050;2120;600;17.4;8.7;3.8;5;6;2;4
315726211301;12.0+12.0;0.6;900;2100;1050;2240;720;17.8;8.9;4.3;5;6;2;4
315726211400;12.0+12.0;0.9;900;2100;1050;2240;720;17.8;8.9;4.3;5;6;2;4
315726211510;12.0+12.0;1.2;900;2100;1050;2240;720;17.8;8.9;4.3;5;6;2;4
315726211609;12.0+12.0;1.5;900;2100;1050;2240;720;17.8;8.9;4.3;5;6;2;4
315911215409;3;0.3;600;1260;630;660;260;6.7;3.35;0.31;1;3;1;3
315911215508;3;0.6;600;1260;630;660;260;6.7;3.35;0.31;1;3;1;3
315911215607;4.2;0.3;600;1260;630;660;260;6.7;3.35;0.34;1;3;1;3
315911215706;4.2;0.6;600;1460;730;660;260;6.7;3.35;0.34;1;3;1;3
315911215805;6;0.3;600;1460;730;660;260;6.7;3.35;0.4;1;3;1;3
315911215904;6;0.6;600;1460;730;660;260;6.7;3.35;0.4;1;3;1;3
315911216110;7.5;0.3;600;1460;730;660;260;6.9;3.45;0.49;1;3;1;3
315911216209;7.5;0.6;600;1460;730;660;260;6.9;3.45;0.49;1;3;1;3
315911216308;7.5;0.9;600;1460;730;660;260;6.9;3.45;0.49;1;3;1;3
315911216407;9;0.6;600;1460;730;760;360;7.2;3.6;0.54;1;3;1;3
315911216506;9;0.9;600;1460;730;760;360;7.2;3.6;0.54;1;3;1;3
315911216605;9;1.2;600;1460;730;760;360;7.2;3.6;0.54;1;3;1;3
315911315405;3;0.3;600;1260;630;890;280;11.2;5.6;0.41;2;3;1;3
315911315504;3;0.6;600;1260;630;890;280;11.2;5.6;0.41;2;3;1;3
315911315603;4.2;0.3;600;1260;630;890;280;11.4;5.7;0.46;2;3;1;3
315911315702;4.2;0.6;600;1260;630;890;280;11.4;5.7;0.46;2;3;1;3
315911315801;6;0.3;600;1260;630;890;280;11.6;5.8;0.54;2;3;1;3
315911315900;6;0.6;600;1260;630;890;280;11.6;5.8;0.54;2;3;1;3
315911316106;7.5;0.3;600;1460;730;970;360;11.9;5.95;0.64;2;3;1;3
315911316205;7.5;0.6;600;1460;730;970;360;11.9;5.95;0.64;2;3;1;3
315911316304;7.5;0.9;600;1460;730;970;360;11.9;5.95;0.64;2;3;1;3
315911316403;9;0.6;600;1460;730;970;360;12.2;6.1;0.73;2;3;1;3
315911316502;9;0.9;600;1460;730;970;360;12.2;6.1;0.73;2;3;1;3
315911316601;9;1.2;600;1460;730;970;360;12.2;6.1;0.73;2;3;1;3
15911415401;3;0.3;600;1260;630;930;280;19.7;9.85;0.44;3.2;3;1;3
315911415500;3;0.6;600;1260;630;930;280;19.7;9.85;0.44;3.2;3;1;3
315911415610;4.2;0.3;600;1260;630;930;280;19.1;9.55;0.5;3.2;3;1;3
315911415709;4.2;0.6;600;1260;630;930;280;19.1;9.55;0.5;3.2;3;1;3
315911415808;6;0.3;600;1460;730;930;280;19.1;9.55;0.61;3.2;3;1;3
315911415907;6;0.6;600;1460;730;930;280;19.1;9.55;0.61;3.2;3;1;3
315911416102;7.5;0.3;600;1460;730;1050;400;19.7;9.85;0.75;3.2;3;1;3
315911416201;7.5;0.6;600;1460;730;1050;400;19.7;9.85;0.75;3.2;3;1;3
315911416300;7.5;0.9;600;1460;730;1050;400;19.7;9.85;0.75;3.2;3;1;3
315911416410;9;0.6;600;1460;730;1050;400;20.3;10.15;0.87;3.2;3;1;3
315911416509;9;0.9;600;1460;730;1050;400;20.3;10.15;0.87;3.2;3;1;3
315911416608;9;1.2;600;1460;730;1050;400;20.3;10.15;0.87;3.2;3;1;3
315911515210;3;0.3;1050;1860;960;1100;340;26.5;13.25;0.74;5;3;1;3
315911515309;3;0.6;1050;1860;960;1100;340;26.5;13.25;0.74;5;3;1;3
315911515408;4.2;0.3;1050;1860;960;1100;340;26.7;13.35;0.82;5;3;1;3
315911515507;4.2;0.6;1050;1860;960;1100;340;26.7;13.35;0.82;5;3;1;3
315911515606;6;0.3;1050;2100;1080;1100;340;27.1;13.55;0.9;5;3;1;3
315911515705;6;0.6;1050;2100;1080;1100;340;27.1;13.55;0.9;5;3;1;3
315911515804;7.5;0.3;1050;2100;1080;1220;460;27.5;13.75;1.06;5;3;1;3
315911515903;7.5;0.6;1050;2100;1080;1220;460;27.5;13.75;1.06;5;3;1;3
315911516109;7.5;0.9;1050;2100;1080;1220;460;27.5;13.75;1.06;5;3;1;3
315911516208;9;0.6;1050;2100;1080;1280;520;27.9;13.95;1.23;5;3;1;3
315911516307;9;0.9;1050;2100;1080;1280;520;27.9;13.95;1.23;5;3;1;3
