DN;D;T;D1;T1;L;ves
20;26.9;2;21.3;2;38;0.05
20;26.9;3.2;21.3;3.2;38;0.07
20;26.9;4;21.3;4;38;0.09
25;33.7;2.3;21.3;2;38;0.09
25;33.7;3.2;21.3;3.2;38;0.12
25;33.7;4.5;21.3;4;38;0.16
25;33.7;2.3;26.9;2;51;0.09
25;33.7;3.2;26.9;3.2;51;0.012
25;33.7;4.5;26.9;4;51;0.06
32;42.4;2.6;21.3;2;51;0.13
32;42.4;3.6;21.3;3.2;51;0.17
32;42.4;5;21.3;4;51;0.23
32;42.4;2.6;21.3;2;51;0.13
32;42.4;3.6;26.9;3.2;51;0.17
32;42.4;5;26.9;4;51;0.23
32;42.4;2.6;26.9;2.3;51;0.13
32;42.4;3.6;33.7;3.2;51;0.17
32;42.4;5;33.7;4.5;51;0.23
40;48.3;2.6;33.7;2;64;0.19
40;48.3;3.6;26.9;3.2;64;0.25
40;48.3;5;26.9;4;64;0.34
40;48.3;2.6;26.9;2.3;64;0.19
40;48.3;3.6;33.7;3.2;64;0.25
40;48.3;5;33.7;4.5;64;0.34
40;48.3;2.6;33.7;2.6;64;0.19
40;48.3;3.6;42.4;3.6;64;0.25
40;48.3;5;42.4;5;64;0.34
50;60.3;2.9;33.7;2.3;76;0.31
50;60.3;4;33.7;3.2;76;0.42
50;60.3;5.6;33.7;4.5;76;0.58
50;60.3;2.9;42.4;2.6;76;0.31
50;60.3;4;42.4;3.6;76;0.42
50;60.3;5.6;42.4;5;76;0.58
50;60.3;2.9;42.4;2.6;76;0.31
50;60.3;4;48.3;3.6;76;0.42
50;60.3;5.6;48.3;5;76;0.58
65;76.1;2.9;42.4;2.6;89;0.47
65;76.1;5;42.4;3.6;89;0.78
65;76.1;7.1;42.4;5;89;1.1
65;76.1;2.9;48.3;2.6;89;0.47
65;76.1;5;48.3;3.6;89;0.78
65;76.1;7.1;48.3;5;89;1.1
65;76.1;2.9;48.3;2.9;89;0.47
65;76.1;5;60.3;4;89;0.78
65;76.1;7.1;60.3;5.6;89;1.1
80;88.9;3.2;48.3;2.6;89;0.60
80;88.9;5.6;48.3;3.6;89;1
80;88.9;8;48.3;5;89;1.4
80;88.9;3.2;60.3;2.9;89;0.60
80;88.9;5.6;60.3;4;89;1
80;88.9;8;60.3;5.6;89;1.4
80;88.9;3.2;76.1;2.9;89;0.60
80;88.9;5.6;76.1;5;89;1
80;88.9;8;76.1;7.1;89;1.4
100;114.3;3.6;60.3;2.9;102;1
100;114.3;6.3;60.3;4;102;1.7
100;114.3;8.8;60.3;5.6;102;2.3
100;114.3;3.6;76.1;2.9;102;1
100;114.3;6.3;76.1;5;102;1.7
100;114.3;8.8;76.1;7.1;102;2.3
100;114.3;3.6;88.9;3.2;102;1
100;114.3;6.3;88.9;5.6;102;1.7
100;114.3;8.8;88.9;8;102;2.3
125;139.7;4;76.1;2.9;127;1.7
125;139.7;6.3;76.1;5;127;2.6
125;139.7;10;76.1;7.1;127;4.1
125;139.7;4;88.9;3.2;127;1.7
125;139.7;6.3;88.9;5.6;127;2.6
125;139.7;10;88.9;8;127;4.1
125;139.7;4;114.3;3.6;127;1.7
125;139.7;6.3;114.3;6.3;127;2.6
125;139.7;10;114.3;8.8;127;4.1
150;168.3;4.5;88.9;3.2;140;2.5
150;168.3;7.1;88.9;5.6;140;3.9
150;168.3;11;88.9;8.8;140;6
150;168.3;4.5;114.3;3.6;140;2.5
150;168.3;7.1;114.3;6.3;140;3.9
150;168.3;11;114.3;8.8;140;6
150;168.3;4.5;139.7;4;140;2.5
150;168.3;7.1;139.7;6.3;140;3.9
150;168.3;11;139.7;10;140;6
200;219.1;6.3;114.3;3.6;152;5.1
200;219.1;8;114.3;6.3;152;6.3
200;219.1;12.5;114.3;8.8;152;9.7
200;219.1;6.3;114.3;4;152;5.1
200;219.1;8;139.7;6.3;152;6.3
200;219.1;12.5;139.7;10;152;9.7
200;219.1;6.3;139.7;4.5;152;5.1
200;219.1;8;168.3;7.1;152;6.3
200;219.1;12.5;168.3;11;152;9.7
250;273;6.3;139.7;4;178;7.4
250;273;10;139.7;6.3;178;12
250;273;6.3;168.3;4.5;178;7.4
250;273;10;168.3;7.1;178;12
250;273;6.3;219.1;6.3;178;7.4
250;273;10;219.1;8;178;12
300;323.9;7.1;168.3;4.5;178;11
300;323.9;10;168.3;7.1;178;16
300;323.9;7.1;219.1;6.3;203;11
300;323.9;10;219.1;8;203;16
300;323.9;7.1;273;6.3;203;11
300;323.9;10;273;10;203;16
350;355.6;8;219.1;6.3;330;23
350;355.6;11;219.1;8;330;31
350;355.6;8;273;6.3;330;23
350;355.6;11;273;10;330;31
350;355.6;8;323.9;7.1;330;23
350;355.6;11;323.9;10;330;31
400;406.4;8.8;273;6.3;356;31
400;406.4;12.5;273;10;356;43
400;406.4;8.8;323.9;7.1;356;31
400;406.4;12.5;323.9;10;356;43
400;406.4;8.8;255.6;8;356;31
400;406.4;12.5;255.6;11;356;43
450;475;10;323.9;7.1;381;42
450;475;10;355.6;8;381;42
450;475;10;406.4;8.8;381;42
500;508;11;355.6;8;508;65
500;508;11;406.4;8.8;508;65
500;508;11;457;10;508;65
600;610;12.5;406.4;8.8;508;65
600;610;12.5;457;10;508;65
600;610;12.5;508;11;508;65
700;711;12.5;457;10;610;120
700;711;12.5;508;11;610;120
700;711;12.5;610;12.5;610;120
800;813;12.5;508;11;610;120
800;813;12.5;610;12.5;610;120
800;813;12.5;711;12.5;610;120
900;914;12.5;610;12.5;610;120
900;914;12.5;711;12.5;610;120
900;914;12.5;813;12.5;610;120
1000;1016;12.5;711;12.5;610;120
1000;1016;12.5;813;12.5;610;120
1000;1016;12.5;914;12.5;610;120
