        0, 0.09636979644067,      1, 
                   0,            0,      1, 
        0.9876076162243,            0,      1, 
        0.9894570462236, 0.001602169932754,      1, 
        0.991306476223,            0,      1, 
         0.999999999,            0,      1, 
         0.999999999, 0.09718408299398,      1, 
        0.8320815003408, 0.09718408299398,      1, 
        0.8045634584686, 0.1379812578036,      1, 
        0.7785634584686, 0.1379812578036,      1, 
        0.7510454165964, 0.09718408299398,      1, 
        0.5817786305814, 0.09718408299398,      1, 
        0.5542605887093, 0.1379812578036,      1, 
        0.5282605887093, 0.1379812578036,      1, 
        0.5007425468371, 0.09718408299398,      1, 
        0.3314757608221, 0.09718408299398,      1, 
        0.3039577189499, 0.1379812578036,      1, 
        0.2779577189499, 0.1379812578036,      1, 
        0.2504396770777, 0.09718408299398,      1, 
        0.08117289106273, 0.09718408299398,      1, 
        0.05365484919054, 0.1379812578036,      1, 
        0.02765484919054, 0.1379812578036,      1, 
        0.0001368073183503, 0.09718408299398,      1