#	Name	D(mm)	t(mm)	g(kg/m)	A(cm2)	D/t	I(cm4)	r(cm)	Z(cm3)	S(cm3)	J(cm4)	C(cm3)
1	D 26.9	26.9	2.0	1.23	1.56	13.5	1.22	0.883	0.907	1.24	2.44	1.81
2	D 26.9	26.9	2.5	1.5	1.92	10.8	1.44	0.867	1.07	1.49	2.88	2.14
3	D 26.9	26.9	3.0	1.77	2.25	8.97	1.63	0.852	1.21	1.72	3.27	2.43
4	D 33.7	33.7	2.0	1.56	1.99	16.9	2.51	1.12	1.49	2.01	5.02	2.98
5	D 33.7	33.7	2.5	1.92	2.45	13.5	3	1.11	1.78	2.44	6	3.56
6	D 33.7	33.7	3.0	2.27	2.89	11.2	3.44	1.09	2.04	2.84	6.88	4.08
7	D 33.7	33.7	4.0	2.93	3.73	8.43	4.19	1.06	2.49	3.55	8.38	4.97
8	D 33.7	33.7	4.5	3.24	4.13	7.49	4.5	1.04	2.67	3.87	9.01	5.35
9	D 42.4	42.4	2.5	2.46	3.13	1	6.26	1.41	2.95	3.99	12.5	5.91
10	D 42.4	42.4	3.0	2.91	3.71	14.1	7.25	1.4	3.42	4.67	14.5	6.84
11	D 42.4	42.4	3.5	3.36	4.28	12.1	8.16	1.38	3.85	5.31	16.3	7.69
12	D 42.4	42.4	4.0	3.79	4.83	10.6	8.99	1.36	4.24	5.92	18	8.48
13	D 48.3	48.3	2.5	2.82	3.6	19.3	9.46	1.62	3.92	5.25	18.9	7.83
14	D 48.3	48.3	3.0	3.35	4.27	16.1	11	1.61	4.55	6.17	22	9.11
15	D 48.3	48.3	3.5	3.87	4.93	13.8	12.4	1.59	5.15	7.04	24.9	10.3
16	D 48.3	48.3	4.0	4.37	5.57	12.1	13.8	1.57	5.7	7.87	27.5	11.4
17	D 48.3	48.3	5.0	5.34	6.8	9.66	16.2	1.54	6.69	9.42	32.3	13.4
18	D 60.3	60.3	2.5	3.56	4.54	24.1	19	2.05	6.3	8.36	38	12.6
19	D 60.3	60.3	3.0	4.24	5.4	20.1	22.2	2.03	7.37	9.86	44.4	14.7
20	D 60.3	60.3	3.5	4.9	6.25	17.2	25.3	2.01	8.39	11.3	50.6	16.8
21	D 60.3	60.3	4.0	5.55	7.07	15.1	28.2	2	9.34	12.7	56.3	18.7
22	D 60.3	60.3	5.0	6.82	8.69	12.1	33.5	1.96	11.1	15.3	67	22.2
23	D 76.1	76.1	2.5	4.54	5.78	30.4	39.2	2.6	10.3	13.5	78.4	20.6
24	D 76.1	76.1	3.0	5.41	6.89	25.4	46.1	2.59	12.1	16	92.2	24.2
25	D 76.1	76.1	3.5	6.27	7.98	21.7	52.7	2.57	13.9	18.5	105	27.7
26	D 76.1	76.1	4.0	7.11	9.06	19	59.1	2.55	15.5	20.8	118	31
27	D 76.1	76.1	5.0	8.77	11.2	15.2	70.9	2.52	18.6	25.3	142	37.3
28	D 88.9	88.9	3.0	6.36	8.1	29.6	74.8	3.04	16.8	22.1	150	33.6
29	D 88.9	88.9	3.5	7.37	9.39	25.4	85.7	3.02	19.3	25.5	171	38.6
30	D 88.9	88.9	4.0	8.38	10.7	22.2	96.3	3	21.7	28.9	193	43.3
31	D 88.9	88.9	5.0	10.3	13.2	17.8	116	2.97	26.2	35.2	233	52.4
32	D 114.3	114.3	3.0	8.23	10.5	38.1	163	3.94	28.4	37.2	325	56.9
33	D 114.3	114.3	3.5	9.56	12.2	32.7	187	3.92	32.7	43	374	65.5
34	D 114.3	114.3	4.0	10.9	13.9	28.6	211	3.9	36.9	48.7	422	73.9
35	D 114.3	114.3	5.0	13.5	17.2	22.9	257	3.87	45	59.8	514	89.9
36	D 114.3	114.3	6.0	16	20.4	19.1	300	3.83	52.5	70.4	600	105
37	D 139.7	139.7	4.0	13.4	17.1	34.9	393	4.8	56.2	73.7	786	112
38	D 139.7	139.7	5.0	16.6	21.2	27.9	481	4.77	68.8	90.8	961	138
39	D 139.7	139.7	6.0	19.8	25.2	23.3	564	4.73	80.8	107	1130	162
40	D 139.7	139.7	8.0	26	33.1	17.5	720	4.66	103	139	1440	206
41	D 139.7	139.7	10.0	32	40.7	14	862	4.6	123	169	1720	247
42	D 139.7	139.7	12.5	39.2	50	11.2	1020	4.52	146	203	2040	292
43	D 168.3	168.3	4.0	16.2	20.6	42.1	697	5.81	82.8	108	1390	166
44	D 168.3	168.3	5.0	20.1	25.7	33.7	856	5.78	102	133	1710	203
45	D 168.3	168.3	6.0	24	30.6	28.1	1010	5.74	120	158	2020	240
46	D 168.3	168.3	8.0	31.6	40.3	21	1300	5.67	154	206	2600	308
47	D 168.3	168.3	10.0	39	49.7	16.8	1560	5.61	186	251	3130	372
48	D 168.3	168.3	12.5	48	61.2	13.5	1870	5.53	222	304	3740	444
49	D 193.7	193.7	4.0	18.7	23.8	48.4	1070	6.71	111	144	2150	222
50	D 193.7	193.7	4.5	21	26.7	43	1200	6.69	124	161	2400	247
51	D 193.7	193.7	5.0	23.3	29.6	38.7	1320	6.67	136	178	2640	273
52	D 193.7	193.7	6.0	27.8	35.4	32.3	1560	6.64	161	211	3120	322
53	D 193.7	193.7	8.0	36.6	46.7	24.2	2020	6.57	208	276	4030	416
54	D 193.7	193.7	10.0	45.3	57.7	19.4	2440	6.5	252	338	4880	504
55	D 193.7	193.7	12.5	55.9	71.2	15.5	2930	6.42	303	411	5870	606
56	D 219.1	219.1	4.0	21.2	27	54.8	1560	7.61	143	185	3130	286
57	D 219.1	219.1	4.5	23.8	30.3	48.7	1750	7.59	159	207	3490	319
58	D 219.1	219.1	5.0	26.4	33.6	43.8	1930	7.57	176	229	3860	352
59	D 219.1	219.1	6.0	31.5	40.2	36.5	2280	7.54	208	273	4560	417
60	D 219.1	219.1	8.0	41.6	53.1	27.4	2960	7.47	270	357	5920	540
61	D 219.1	219.1	10.0	51.6	65.7	21.9	3600	7.4	328	438	7200	657
62	D 219.1	219.1	12.0	61.3	78.1	18.3	4200	7.33	383	515	8400	767
63	D 219.1	219.1	12.5	63.7	81.1	17.5	4350	7.32	397	534	8690	793
64	D 219.1	219.1	16.0	80.1	102	13.7	5300	7.2	483	661	10600	967
65	D 244.5	244.5	4.5	26.6	33.9	54.3	2440	8.49	200	259	4890	400
66	D 244.5	244.5	5.0	29.5	37.6	48.9	2700	8.47	221	287	5400	441
67	D 244.5	244.5	6.0	35.3	45	40.8	3200	8.43	262	341	6400	523
68	D 244.5	244.5	8.0	46.7	59.4	30.6	4160	8.37	340	448	8320	681
69	D 244.5	244.5	10.0	57.8	73.7	24.5	5070	8.3	415	550	10200	830
70	D 244.5	244.5	12.0	68.8	87.7	20.4	5940	8.23	486	649	11900	972
71	D 244.5	244.5	12.5	71.5	91.1	19.6	6150	8.21	503	673	12300	1010
72	D 244.5	244.5	16.0	90.2	115	15.3	7530	8.1	616	837	15100	1230
73	D 273	273	4.0	26.5	33.8	68.3	3060	9.51	224	289	6120	448
74	D 273	273	4.5	29.8	38	60.7	3420	9.49	251	324	6840	501
75	D 273	273	5.0	33	42.1	54.6	3780	9.48	277	359	7560	554
76	D 273	273	6.0	39.5	50.3	45.5	4490	9.44	329	428	8970	657
77	D 273	273	8.0	52.3	66.6	34.1	5850	9.37	429	562	11700	857
78	D 273	273	10.0	64.9	82.6	27.3	7150	9.31	524	692	14300	1050
79	D 273	273	12.0	77.2	98.4	22.8	8400	9.24	615	818	16800	1230
80	D 273	273	12.5	80.3	102	21.8	8700	9.22	637	849	17400	1270
81	D 273	273	16.0	101	129	17.1	10700	9.1	784	1060	21400	1570
82	D 323.9	323.9	5.0	39.3	50.1	64.8	6370	11.3	393	509	12700	787
83	D 323.9	323.9	6.0	47	59.9	54	7570	11.2	468	606	15100	935
84	D 323.9	323.9	8.0	62.3	79.4	40.5	9910	11.2	612	799	19800	1220
85	D 323.9	323.9	10.0	77.4	98.6	32.4	12200	11.1	751	986	24300	1500
86	D 323.9	323.9	12.0	92.3	118	27	14300	11	884	1170	28600	1770
87	D 323.9	323.9	12.5	96	122	25.9	14800	11	917	1210	29700	1830
88	D 323.9	323.9	16.0	121	155	20.2	18400	10.9	1140	1520	36800	2270
89	D 355.6	355.6	5.0	43.2	55.1	71.1	8460	12.4	476	615	16900	952
90	D 355.6	355.6	6.0	51.7	65.9	59.3	10100	12.4	566	733	20100	1130
91	D 355.6	355.6	8.0	68.6	87.4	44.5	13200	12.3	742	967	26400	1490
92	D 355.6	355.6	10.0	85.2	109	35.6	16200	12.2	912	1200	32400	1830
93	D 355.6	355.6	12.0	102	130	29.6	19100	12.2	1080	1420	38300	2150
94	D 355.6	355.6	12.5	106	135	28.4	19900	12.1	1120	1470	39700	2230
95	D 355.6	355.6	16.0	134	171	22.2	24700	12	1390	1850	49300	2770
96	D 406.4	406.4	6.0	59.2	75.5	67.7	15100	14.2	745	962	30300	1490
97	D 406.4	406.4	8.0	78.6	100	50.8	19900	14.1	978	1270	39700	1960
98	D 406.4	406.4	10.0	97.8	125	40.6	24500	14	1210	1570	49000	2410
99	D 406.4	406.4	12.0	117	149	33.9	28900	14	1420	1870	57900	2850
100	D 406.4	406.4	12.5	121	155	32.5	30000	13.9	1480	1940	60100	2960
101	D 406.4	406.4	16.0	154	196	25.4	37400	13.8	1840	2440	74900	3690
102	D 457	457	8.0	88.6	113	57.1	28400	15.9	1250	1610	56900	2490
103	D 457	457	10.0	110	140	45.7	35100	15.8	1540	2000	70200	3070
104	D 457	457	12.0	132	168	38.1	41600	15.7	1820	2380	83100	3640
105	D 457	457	12.5	137	175	36.6	43100	15.7	1890	2470	86300	3780
106	D 457	457	16.0	174	222	28.6	54000	15.6	2360	3110	108000	4720
107	D 508	508	8.0	98.6	126	63.5	39300	17.7	1550	2000	78600	3090
108	D 508	508	10.0	123	156	50.8	48500	17.6	1910	2480	97000	3820
109	D 508	508	12.0	147	187	42.3	57500	17.5	2270	2950	115000	4530
110	D 508	508	12.5	153	195	40.6	59800	17.5	2350	3070	120000	4710
111	D 508	508	16.0	194	247	31.8	74900	17.4	2950	3870	150000	5900
112	CUSTOM	1	1	1	1	1	1	1	1	1	1	1
