#	Designation	g(kg/m)	D(mm)	B(mm)	t(mm)	T(mm)	r(mm)	d(mm)	b/T	d/t	C(mm)	N(mm)	n(mm)	Ix(cm4)	Iy(cm4)	ix(cm)	iy(cm)	Wex(cm3)Wey(cm3)Wpx(cm3)Wpy(cm3)u	x	H(dm6)	J(cm4)	A(cm2)
1	1016x305x487	486.6	1036.1	308.5	30	54.1	30	867.9	2.85	28.9	17	150	86	1020000	26700	40.6	6.57	19700	1730	23200	2800	0.867	21.1	64.4	4300	620
2	1016x305x437	436.9	1025.9	305.4	26.9	49	30	867.9	3.12	32.3	16	150	80	910000	23500	40.4	6.49	17700	1540	20800	2470	0.868	23.1	55.9	3190	557
3	1016x305x393	392.7	1016	303	24.4	43.9	30	868.2	3.45	35.6	14	150	74	808000	20500	40.2	6.4	15900	1350	18500	2170	0.868	25.5	48.4	2330	500
4	1016x305x349	349.4	1008.1	302	21.1	40	30	868.1	3.77	41.1	13	150	70	723000	18500	40.3	6.44	14400	1220	16600	1940	0.872	27.9	43.3	1720	445
5	1016x305x314	314.3	1000	300	19.1	35.9	30	868.2	4.18	45.5	12	150	66	644000	16200	40.1	6.37	12900	1080	14900	1710	0.872	30.7	37.7	1260	400
6	1016x305x272	272.3	990.1	300	16.5	31	30	868.1	4.84	52.6	10	152	63	554000	14000	40	6.35	11200	934	12800	1470	0.872	35	32.2	835	347
7	1016x305x249	248.7	980.2	300	16.5	26	30	868.2	5.77	52.6	10	152	56	481000	11800	39	6.09	9820	784	11400	1250	0.861	39.9	26.8	582	317
8	1016x305x222	222	970.3	300	16	21.1	30	868.1	7.11	54.3	10	152	52	408000	9550	38	5.81	8410	636	9810	1020	0.849	45.8	21.5	390	283
9	914x419x388	388	921	420.5	21.4	36.6	24.1	799.6	5.74	37.4	13	210	62	720000	45400	38.2	9.59	15600	2160	17700	3340	0.885	26.7	88.9	1730	494
10	914x419x343	343.3	911.8	418.5	19.4	32	24.1	799.6	6.54	41.2	12	210	58	626000	39200	37.8	9.46	13700	1870	15500	2890	0.883	30.1	75.8	1190	437
11	914x305x289	289.1	926.6	307.7	19.5	32	19.1	824.4	4.81	42.3	12	156	52	504000	15600	37	6.51	10900	1010	12600	1600	0.867	31.9	31.2	926	368
12	914x305x253	253.4	918.4	305.5	17.3	27.9	19.1	824.4	5.47	47.7	11	156	48	436000	13300	36.8	6.42	9500	871	10900	1370	0.865	36.2	26.4	626	323
13	914x305x224	224.2	910.4	304.1	15.9	23.9	19.1	824.4	6.36	51.8	10	156	44	376000	11200	36.3	6.27	8270	739	9540	1160	0.861	41.3	22.1	422	286
14	914x305x201	200.9	903	303.3	15.1	20.2	19.1	824.4	7.51	54.6	10	156	40	325000	9420	35.7	6.07	7200	621	8350	982	0.853	46.9	18.4	291	256
15	838x292x226	226.5	850.9	293.8	16.1	26.8	17.8	761.7	5.48	47.3	10	150	46	340000	11400	34.3	6.27	7990	773	9160	1210	0.869	35	19.3	514	289
16	838x292x194	193.8	840.7	292.4	14.7	21.7	17.8	761.7	6.74	51.8	9	150	40	279000	9070	33.6	6.06	6640	620	7640	974	0.862	41.6	15.2	306	247
17	838x292x176	175.9	834.9	291.7	14	18.8	17.8	761.7	7.76	54.4	9	150	38	246000	7800	33.1	5.9	5890	535	6810	842	0.856	46.5	13	221	224
18	762x267x197	196.8	769.8	268	15.6	25.4	16.5	686	5.28	44	10	138	42	240000	8180	30.9	5.71	6230	610	7170	959	0.868	33.2	11.3	404	251
19	762x267x173	173	762.2	266.7	14.3	21.6	16.5	686	6.17	48	9	138	40	205000	6850	30.5	5.58	5390	514	6200	807	0.865	38.1	9.39	267	220
20	762x267x147	146.9	754	265.2	12.8	17.5	16.5	686	7.58	53.6	8	138	34	169000	5460	30	5.4	4470	411	5160	647	0.858	45.2	7.4	159	187
21	762x267x134	133.9	750	264.4	12	15.5	16.5	686	8.53	57.2	8	138	32	151000	4790	29.7	5.3	4020	362	4640	570	0.853	49.8	6.46	119	171
22	686x254x170	170.2	692.9	255.8	14.5	23.7	15.2	615.1	5.4	42.4	9	132	40	170000	6630	28	5.53	4920	518	5630	811	0.872	31.8	7.42	308	217
23	686x254x152	152.4	687.5	254.5	13.2	21	15.2	615.1	6.06	46.6	9	132	38	150000	5780	27.8	5.46	4370	455	5000	710	0.871	35.4	6.42	220	194
24	686x254x140	140.1	683.5	253.7	12.4	19	15.2	615.1	6.68	49.6	8	132	36	136000	5180	27.6	5.39	3990	409	4560	638	0.869	38.6	5.72	169	178
25	686x254x125	125.2	677.9	253	11.7	16.2	15.2	615.1	7.81	52.6	8	132	32	118000	4380	27.2	5.24	3480	346	3990	542	0.863	43.8	4.8	116	159
26	610x305x238	238.1	635.8	311.4	18.4	31.4	16.5	540	4.96	29.3	11	158	48	210000	15800	26.3	7.23	6590	1020	7490	1570	0.887	21.3	14.5	785	303
27	610x305x179	179	620.2	307.1	14.1	23.6	16.5	540	6.51	38.3	9	158	42	153000	11400	25.9	7.07	4940	743	5550	1140	0.886	27.7	10.2	340	228
28	610x305x149	149.2	612.4	304.8	11.8	19.7	16.5	540	7.74	45.8	8	158	38	126000	9310	25.7	7	4110	611	4590	937	0.886	32.7	8.17	200	190
29	610x229x140	139.9	617.2	230.2	13.1	22.1	12.7	547.6	5.21	41.8	9	120	36	112000	4510	25	5.03	3620	391	4140	611	0.875	30.6	3.99	216	178
30	610x229x125	125.1	612.2	229	11.9	19.6	12.7	547.6	5.84	46	8	120	34	98600	3930	24.9	4.97	3220	343	3680	535	0.874	34.1	3.45	154	159
31	610x229x113	113	607.6	228.2	11.1	17.3	12.7	547.6	6.6	49.3	8	120	30	87300	3430	24.6	4.88	2870	301	3280	469	0.87	38.1	2.99	111	144
32	610x229x101	101.2	602.6	227.6	10.5	14.8	12.7	547.6	7.69	52.2	7	120	28	75800	2920	24.2	4.75	2520	256	2880	400	0.863	43.1	2.52	77	129
33	533x210x122	122	544.5	211.9	12.7	21.3	12.7	476.5	4.97	37.5	8	110	34	76000	3390	22.1	4.67	2790	320	3200	500	0.878	27.6	2.32	178	155
34	533x210x109	109	539.5	210.8	11.6	18.8	12.7	476.5	5.61	41.1	8	110	32	66800	2940	21.9	4.6	2480	279	2830	436	0.874	31	1.99	126	139
35	533x210x101	101	536.7	210	10.8	17.4	12.7	476.5	6.03	44.1	7	110	32	61500	2690	21.9	4.57	2290	256	2610	399	0.873	33.2	1.81	101	129
36	533x210x92	92.1	533.1	209.3	10.1	15.6	12.7	476.5	6.71	47.2	7	110	30	55200	2390	21.7	4.51	2070	228	2360	356	0.873	36.4	1.6	75.7	117
37	533x210x82	82.2	528.3	208.8	9.6	13.2	12.7	476.5	7.91	49.6	7	110	26	47500	2010	21.3	4.38	1800	192	2060	300	0,863	41.6	1.33	51.5	105
38	457x191x98	98.3	467.2	192.8	11.4	19.6	10.2	407.6	4.92	35.8	8	102	30	45700	2350	19.1	4.33	1960	243	2230	379	0.882	25.7	1.18	121	125
39	457x191x89	89.3	463.4	191.9	10.5	17.7	10.2	407.6	5.42	38.8	7	102	28	41000	2090	19	4.29	1770	218	2010	338	0.879	28.3	1.04	90.7	114
40	457x191x82	82	460	191.3	9.9	16	10.2	407.6	5.98	41.2	7	102	28	37100	1870	18.8	4.23	1610	196	1830	304	0.879	30.8	0.922	69.2	104
41	457x191x74	74.3	457	190.4	9	14.5	10.2	407.6	6.57	45.3	7	102	26	33300	1670	18.8	4.2	1460	176	1650	272	0.877	33.8	0.818	51.8	94.6
42	457x191x67	67.1	453.4	189.9	8.5	12.7	10.2	407.6	7.48	48	6	102	24	29400	1450	18.5	4.12	1300	153	1470	237	0.872	37.9	0.705	37.1	85.5
43	457x152x82	82.1	465.8	155.3	10.5	18.9	10.2	407.6	4.11	38.8	7	84	30	36600	1190	18.7	3.37	1570	153	1810	240	0.871	27.4	0.591	89.2	105
44	457x152x74	74.2	462	154.4	9.6	17	10.2	407.6	4.54	42.5	7	84	28	32700	1050	18.6	3.33	1410	136	1630	213	0.873	30.2	0.518	65.9	94.5
45	457x152x67	67.2	458	153.8	9	15	10.2	407.6	5.13	45.3	7	84	26	28900	913	18.4	3.27	1260	119	1450	187	0.868	33.6	0.448	47.7	85.6
46	457x152x60	59.8	454.6	152.9	8.1	13.3	10.2	407.6	5.75	50.3	6	84	24	25500	795	18.3	3.23	1120	104	1290	163	0.868	37.5	0.387	33.8	76.2
47	457x152x52	52.3	449.8	152.4	7.6	10.9	10.2	407.6	6.99	53.6	6	84	22	21400	645	17.9	3.11	950	84.6	1100	133	0.859	43.8	0.311	21.4	66.6
48	406x178x74	74.2	412.8	179.5	9.5	16	10.2	360.4	5.61	37.9	7	96	28	27300	1550	17	4.04	1320	172	1500	267	0.882	27.6	0.608	62.8	94.5
49	406x178x67	67.1	409.4	178.8	8.8	14.3	10.2	360.4	6.25	41	6	96	26	24300	1370	16.9	3.99	1190	153	1350	237	0.88	30.5	0.533	46.1	85.5
50	406x178x60	60.1	406.4	177.9	7.9	12.8	10.2	360.4	6.95	45.6	6	96	24	21600	1200	16.8	3.97	1060	135	1200	209	0.88	33.8	0.466	33.3	76.5
51	406x178x54	54.1	402.6	177.7	7.7	10.9	10.2	360.4	8.15	46.8	6	96	22	18700	1020	16.5	3.85	930	115	1060	178	0.871	38.3	0.392	23.1	69
52	406x140x46	46	403.2	142.2	6.8	11.2	10.2	360.4	6.35	53	5	78	22	15700	538	16.4	3.03	778	75.7	888	118	0.872	39	0.207	19	58.6
53	406x140x39	39	398	141.8	6.4	8.6	10.2	360.4	8.24	56.3	5	78	20	12500	410	15.9	2.87	629	57.8	724	90.8	0.858	47.5	0.155	10.7	49.7
54	356x171x67	67.1	363.4	173.2	9.1	15.7	10.2	311.6	5.52	34.2	7	94	26	19500	1360	15.1	3.99	1070	157	1210	243	0.886	24.4	0.412	55.7	85.5
55	356x171x57	57	358	172.2	8.1	13	10.2	311.6	6.62	38.5	6	94	24	16000	1110	14.9	3.91	896	129	1010	199	0.882	28.8	0.33	33.4	72.6
56	356x171x51	51	355	171.5	7.4	11.5	10.2	311.6	7.46	42.1	6	94	22	14100	968	14.8	3.86	796	113	896	174	0.881	32.1	0.286	23.8	64.9
57	356x171x45	45	351.4	171.1	7	9.7	10.2	311.6	8.82	44.5	6	94	20	12100	811	14.5	3.76	687	94.8	775	147	0.874	36.8	0.237	15.8	57.3
58	356x127x39	39.1	353.4	126	6.6	10.7	10.2	311.6	5.89	47.2	5	70	22	10200	358	14.3	2.68	576	56.8	659	89.1	0.871	35.2	0.105	15.1	49.8
59	356x127x33	33.1	349	125.4	6	8.5	10.2	311.6	7.38	51.9	5	70	20	8250	280	14	2.58	473	44.7	543	70.3	0.863	42.2	0.081	8.79	42.1
60	305x165x54	54	310.4	166.9	7.9	13.7	8.9	265.2	6.09	33.6	6	90	24	11700	1060	13	3.93	754	127	846	196	0.889	23.6	0.234	34.8	68.8
61	305x165x46	46.1	306.6	165.7	6.7	11.8	8.9	265.2	7.02	39.6	5	90	22	9900	896	13	3.9	646	108	720	166	0.891	27.1	0.195	22.2	58.7
62	305x165x40	40.3	303.4	165	6	10.2	8.9	265.2	8.09	44.2	5	90	20	8500	764	12.9	3.86	560	92.6	623	142	0.889	31	0.164	14.7	51.3
63	305x127x48	48.1	311	125.3	9	14	8.9	265.2	4.47	29.5	7	70	24	9580	461	12.5	2.74	616	73.6	711	116	0.874	23.3	0.102	31.8	61.2
64	305x127x42	41.9	307.2	124.3	8	12.1	8.9	265.2	5.14	33.1	6	70	22	8200	389	12.4	2.7	534	62.6	614	98.4	0.872	26.6	0.0846	21.1	53.4
65	305x127x37	37	304.4	123.4	7.1	10.7	8.9	265.2	5.77	37.4	6	70	20	7170	336	12.3	2.67	471	54.5	539	85.4	0.871	29.7	0.0725	14.8	47.2
66	305x102x33	32.8	312.7	102.4	6.6	10.8	7.6	275.9	4.74	41.8	5	58	20	6500	194	12.5	2.15	416	37.9	481	60	0.867	31.6	0.0442	12.2	41.8
67	305x102x28	28.2	308.7	101.8	6	8.8	7.6	275.9	5.78	46	5	58	18	5370	155	12.2	2.08	348	30.5	403	48.5	0.859	37.4	0.0349	7.4	35.9
68	305x102x25	24.8	305.1	101.6	5.8	7	7.6	275.9	7.26	47.6	5	58	16	4460	123	11.9	1.97	292	24.2	342	38.8	0.846	43.4	0.0273	4.77	31.6
69	254x146x43	43	259.6	147.3	7.2	12.7	7.6	219	5.8	30.4	6	82	22	6540	677	10.9	3.52	504	92	566	141	0.89	21.2	0.103	23.9	54.8
70	254x146x37	37	256	146.4	6.3	10.9	7.6	219	6.72	34.8	5	82	20	5540	571	10.8	3.48	433	78	483	119	0.889	24.4	0.0857	15.3	47.2
71	254x146x31	31.1	251.4	146.1	6	8.6	7.6	219	8.49	36.5	5	82	18	4410	448	10.5	3.36	351	61.3	393	94.1	0.879	29.6	0.066	8.55	39.7
72	254x102x28	28.3	260.4	102.2	6.3	10	7.6	225.2	5.11	35.7	5	58	18	4010	179	10.5	2.22	308	34.9	353	54.8	0.874	27.5	0.028	9.57	36.1
73	254x102x25	25.2	257.2	101.9	6	8.4	7.6	225.2	6.07	37.5	5	58	16	3420	149	10.3	2.15	266	29.2	306	46	0.867	31.4	0.023	6.42	32
74	254x102x22	22	254	101.6	5.7	6.8	7.6	225.2	7.47	39.5	5	58	16	2840	119	10.1	2.06	224	23.5	259	37.3	0.856	36.3	0.0182	4.15	28
75	203x133x30	30	206.8	133.9	6.4	9.6	7.6	172.4	6.97	26.9	5	74	18	2900	385	8.71	3.17	280	57.5	314	88.2	0.881	21.5	0.0374	10.3	38.2
76	203x133x25	25.1	203.2	133.2	5.7	7.8	7.6	172.4	8.54	30.2	5	74	16	2340	308	8.56	3.1	230	46.2	258	70.9	0.877	25.6	0.0294	5.96	32
77	203x102x23	23.1	203.2	101.8	5.4	9.3	7.6	169.4	5.47	31.4	5	60	18	2110	164	8.46	2.36	207	32.2	234	49.8	0.888	22.5	0.0154	7.02	29.4
78	178x102x19	19	177.8	101.2	4.8	7.9	7.6	146.8	6.41	30.6	4	60	16	1360	137	7.48	2.37	153	27	171	41.6	0.886	22.6	0.00987	4.41	24.3
79	152x89x16	16	152.4	88.7	4.5	7.7	7.6	121.8	5.76	27.1	4	54	16	834	89.8	6.41	2.1	109	20.2	123	31.2	0.889	19.6	0.0047	3.56	20.3
80	127x76x13	13	127	76	4	7.6	7.6	96.6	5	24.1	4	46	16	473	55.7	5.35	1.84	74.6	14.7	84.2	22.6	0.896	16.3	0.00199	2.85	16.5
81	CUSTOM
