#	Name	D(mm)	t(mm)	Kg/m	A(cm2)	D/t	I(cm4)	r(cm)	Z(cm3)	S(cm3)	J(cm4)	C(cm3)	m2	m2
1	D 26.9	26.9	3.2	1.87	2.38	8.41	1.7	0.846	1.27	1.81	3.41	2.53	0.085	35.5
2	D 42.4	42.4	3.2	3.09	3.94	13.3	7.62	1.39	3.59	4.93	15.2	7.19	0.133	33.8
3	D 48.3	48.3	3.2	3.56	4.53	15.1	11.6	1.6	4.8	6.52	23.2	9.59	0.152	33.6
4	D 48.3	48.3	4.0	4.37	5.57	12.1	13.8	1.57	5.7	7.87	27.5	11.4	0.152	27.3
5	D 48.3	48.3	5.0	5.34	6.8	9.66	16.2	1.54	6.69	9.42	32.3	13.4	0.152	22.4
6	D 60.3	60.3	3.2	4.51	5.74	18.8	23.5	2.02	7.78	10.4	46.9	15.6	0.189	32.9
7	D 60.3	60.3	5.0	6.82	8.69	12.1	33.5	1.96	11.1	15.3	67	22.2	0.189	21.7
8	D 76.1	76.1	2.9	5.24	6.67	26.2	44.7	2.59	11.8	15.5	89	23.5	0.239	35.8
9	D 76.1	76.1	3.2	5.75	7.33	23.8	48.8	2.58	12.8	17	97.6	25.6	0.239	32.6
10	D 76.1	76.1	4.0	7.11	9.06	19	59.1	2.55	15.5	20.8	118	31	0.239	26.4
11	D 76.1	76.1	5.0	8.77	11.2	15.2	70.9	2.52	18.6	25.3	142	37.3	0.239	21.4
12	D 88.9	88.9	3.2	6.76	8.62	27.8	79.2	3.03	17.8	23.5	158	35.6	0.279	32.4
13	D 88.9	88.9	4.0	8.38	10.7	22.2	96.3	3	21.7	28.9	193	43.3	0.279	26.1
14	D 88.9	88.9	5.0	10.4	13.2	17.8	116	2.97	26.2	35.2	233	52.4	0.279	21.1
15	D 88.9	88.9	6.3	12.8	16.3	14.1	140	2.93	31.5	43.1	280	63.1	0.279	17.1
16	D 114.3	114.3	3.2	8.77	11.2	35.7	172	3.93	30.2	39.5	345	60.4	0.359	32.1
17	D 114.3	114.3	3.6	9.83	12.5	31.8	192	3.92	33.6	44.1	384	67.2	0.359	28.7
18	D 114.3	114.3	5	13.5	17.2	22.9	257	3.87	45	59.8	514	89.9	0.359	20.9
19	D 114.3	114.3	6.3	16.8	21.4	18.1	313	3.82	54.7	73.6	625	109	0.359	16.8
20	D 139.7	139.7	5	16.6	21.2	27.9	481	4.77	68.8	90.8	961	138	0.439	20.7
21	D 139.7	139.7	6.3	20.7	26.4	22.2	589	4.72	84.3	112	1180	169	0.439	16.6
22	D 139.7	139.7	8.0	26	33.1	17.5	720	4.66	103	139	1440	206	0.439	13.3
23	D 139.7	139.7	10.0	32	40.7	14	862	4.6	123	169	1720	247	0.439	10.8
24	D 168.3	168.3	5.0	20.1	25.7	33.7	856	5.78	102	133	1710	203	0.529	20.6
25	D 168.3	168.3	6.3	25.2	32.1	26.7	1050	5.73	125	165	2110	250	0.529	16.5
26	D 168.3	168.3	8.0	31.6	40.3	21	1300	5.67	154	206	2600	308	0.529	13.1
27	D 168.3	168.3	10.0	39	49.7	16.8	1560	5.61	186	251	3130	372	0.529	10.6
28	D 193.7	193.7	5.0	23.3	29.6	38.7	1320	6.67	136	178	2640	273	0.609	20.6
29	D 193.7	193.7	6.3	29.1	37.1	30.7	1630	6.63	168	221	3260	337	0.609	16.4
30	D 193.7	193.7	8.0	36.6	46.7	24.2	2020	6.57	208	276	4030	416	0.609	13
31	D 193.7	193.7	10.0	45.3	57.7	19.4	2440	6.5	252	338	4880	504	0.609	10.6
32	D 219.1	219.1	5.0	26.4	33.6	43.8	1930	7.57	176	229	3860	352	0.688	20.5
33	D 219.1	219.1	6.3	33.1	42.1	34.8	2390	7.53	218	285	4770	436	0.688	16.3
34	D 219.1	219.1	8.0	41.6	53.1	27.4	2960	7.47	270	357	5920	540	0.688	13
35	D 219.1	219.1	10.0	51.6	65.7	21.9	3600	7.4	328	438	7200	657	0.688	10.5
36	D 219.1	219.1	12.5	63.7	81.1	17.5	4350	7.32	397	534	8690	793	0.688	8.48
37	D 244.5	244.5	12.0	68.8	87.7	20.4	5940	8.23	486	649	11900	972	0.768	8.76
38	D 273	273	5.0	33	42.1	54.6	3780	9.48	277	359	7560	554	0.858	20.4
39	D 273	273	6.3	41.4	52.8	43.3	4700	9.43	344	448	9390	688	0.858	16.3
40	D 273	273	8.0	52.3	66.6	34.1	5850	9.37	429	562	11700	857	0.858	12.9
41	D 273	273	10	64.9	82.6	27.3	7150	9.31	524	692	14300	1050	0.858	10.4
42	D 273	273	12.5	80.3	102	21.8	8700	9.22	637	849	17400	1270	0.858	8.39
43	D 273	273	16.0	101	129	17.1	10700	9.1	784	1060	21400	1570	0.858	6.64
44	D 323.9	323.9	6.3	49.3	62.9	51.4	7930	11.2	490	636	15900	979	1.02	16.2
45	D 323.9	323.9	8.0	62.3	79.4	40.5	9910	11.2	612	799	19800	1220	1.02	12.8
46	D 323.9	323.9	10.0	77.4	98.6	32.4	12200	11.1	751	986	24300	1500	1.02	10.3
47	D 323.9	323.9	12.5	96	122	25.9	14800	11	917	1210	29700	1830	1.02	8.34
48	D 323.9	323.9	16	122	155	20.2	18400	10.9	1140	1520	36800	2270	1.02	6.59
49	D 406.4	406.4	6.3	62.2	79.2	64.5	15900	14.1	780	1010	31700	1560	1.28	16.2
50	D 406.4	406.4	8.0	78.6	100	50.8	19900	14.1	978	1270	39700	1960	1.28	12.8
51	D 406.4	406.4	10.0	97.8	125	40.6	24500	14	1210	1570	49000	2410	1.28	10.2
52	D 406.4	406.4	12.5	121	155	32.5	30000	13.9	1480	1940	60100	2960	1.28	8.26
53	D 406.4	406.4	16	154	196	25.4	37500	13.8	1840	2440	74900	3690	1.28	6.53
54	D 457	457	8.0	88.6	113	57.1	28500	15.9	1250	1610	56900	2490	1.44	12.8
55	D 457	457	10.0	110	140	45.7	35100	15.8	1540	2000	70200	3070	1.44	10.3
56	D 457	457	12.5	137	175	36.6	43100	15.7	1890	2470	86300	3780	1.44	8.23
57	D 457	457	16	174	222	28.6	54000	15.6	2360	3110	108000	4730	1.44	6.49
58	D 508	508	8.0	98.6	126	63.5	39300	17.7	1550	2000	78600	3090	1.6	12.7
59	D 508	508	10.0	123	156	50.8	48500	17.6	1910	2480	97000	3820	1.6	10.3
60	D 508	508	12.5	153	195	40.6	59800	17.5	2350	3070	120000	4710	1.6	8.21
61	D 508	508	16.0	194	247	31.8	74900	17.4	2950	3870	150000	5900	1.6	6.48
62	D 508	508	20.0	241	307	25.4	91400	17.3	3600	4770	183000	7200	1.6	5.21
63	CUSTOM	1	1	1	1	1	1	1	1	1	1	1	1	1
