#-#	Sizes	h=b(mm)	t(mm)	G(kg/m)	r1(mm)	r2(mm)	A(cm2)	Ix=Iy(cm4)	Wex=Wey(cm3)	ix=iy(cm)	Iu(cm4)	iu(cm)	Iv(cm4)	iv(cm)
1-1	L 20x20	20	2	0	3.5	2	0	0	0	0	0	0	0	0
2	L 20x20	20	2.5	0	3.5	2	0	0	0	0	0	0	0	0
3	L 20x20	20	3	0.882	3.5	2	0	0	0	0	0	0	0	0
4	L 20x20	20	4	1.14	3.5	2	0	0	0	0	0	0	0	0
5-2	L 25x25	25	2	0	3.5	2	0	0	0	0	0	0	0	0
6	L 25x25	25	2.5	0	3.5	2	0	0	0	0	0	0	0	0
7	L 25x25	25	3	1.12	3.5	2	0	0	0	0	0	0	0	0
8	L 25x25	25	4	1.45	3.5	2	0	0	0	0	0	0	0	0
9	L 25x25	25	4.5	0	3.5	2	0	0	0	0	0	0	0	0
10	L 25x25	25	5	1.78	3.5	2	0	0	0	0	0	0	0	0
11	L 25x25	25	6	0	3.5	2	0	0	0	0	0	0	0	0
12-3	L 30x30	30	2	0	5	2.5	0	0	0	0	0	0	0	0
13	L 30x30	30	2.5	0	5	2.5	0	0	0	0	0	0	0	0
14	L 30x30	30	3	1.36	5	2.5	0	0	0	0	0	0	0	0
15	L 30x30	30	3.5	0	5	2.5	0	0	0	0	0	0	0	0
16	L 30x30	30	4	1.78	5	2.5	0	0	0	0	0	0	0	0
17	L 30x30	30	5	2.18	5	2.5	0	0	0	0	0	0	0	0
18	L 30x30	30	6	0	5	2.5	0	0	0	0	0	0	0	0
19-4	L 35x35	35	2.5	0	5	2.5	0	0	0	0	0	0	0	0
20	L 35x35	35	3	0	5	2.5	0	0	0	0	0	0	0	0
21	L 35x35	35	3.5	0	5	2.5	0	0	0	0	0	0	0	0
22	L 35x35	35	4	0	5	2.5	0	0	0	0	0	0	0	0
23	L 35x35	35	4.5	0	5	2.5	0	0	0	0	0	0	0	0
24	L 35x35	35	5	0	5	2.5	0	0	0	0	0	0	0	0
25	L 35x35	35	6	0	5	2.5	0	0	0	0	0	0	0	0
26-5	L 40x40	40	3	0	6	3	0	0	0	0	0	0	0	0
27	L 40x40	40	3.5	0	6	3	0	0	0	0	0	0	0	0
28	L 40x40	40	4	0	6	3	0	0	0	0	0	0	0	0
29	L 40x40	40	5	0	6	3	0	0	0	0	0	0	0	0
30	L 40x40	40	6	0	6	3	0	0	0	0	0	0	0	0
31	L 40x40	40	7	0	6	3	0	0	0	0	0	0	0	0
32	L 40x40	40	8	0	6	3	0	0	0	0	0	0	0	0
33-6	L 45x45	45	3	0	7	3.5	0	0	0	0	0	0	0	0
34	L 45x45	45	4	0	7	3.5	0	0	0	0	0	0	0	0
35	L 45x45	45	4.5	0	7	3.5	0	0	0	0	0	0	0	0
36	L 45x45	45	5	0	7	3.5	0	0	0	0	0	0	0	0
37	L 45x45	45	6	0	7	3.5	0	0	0	0	0	0	0	0
38	L 45x45	45	7	0	7	3.5	0	0	0	0	0	0	0	0
39	L 45x45	45	8	0	7	3.5	0	0	0	0	0	0	0	0
40-7	L 50x50	50	3	0	7	3.5	0	0	0	0	0	0	0	0
41	L 50x50	50	4	0	7	3.5	0	0	0	0	0	0	0	0
42	L 50x50	50	4.5	0	7	3.5	0	0	0	0	0	0	0	0
43	L 50x50	50	5	0	7	3.5	0	0	0	0	0	0	0	0
44	L 50x50	50	6	0	7	3.5	0	0	0	0	0	0	0	0
45	L 50x50	50	7	0	7	3.5	0	0	0	0	0	0	0	0
46	L 50x50	50	8	0	7	3.5	0	0	0	0	0	0	0	0
47	L 50x50	50	9	0	7	3.5	0	0	0	0	0	0	0	0
48	L 50x50	50	10	0	7	3.5	0	0	0	0	0	0	0	0
49-8	L 55x55	55	4	0	8	4	0	0	0	0	0	0	0	0
50	L 55x55	55	5	0	8	4	0	0	0	0	0	0	0	0
51	L 55x55	55	5.5	0	8	4	0	0	0	0	0	0	0	0
52	L 55x55	55	6	0	8	4	0	0	0	0	0	0	0	0
53	L 55x55	55	8	0	8	4	0	0	0	0	0	0	0	0
54	L 55x55	55	10	0	8	4	0	0	0	0	0	0	0	0
55-9	L 60x60	60	4	0	8	4	0	0	0	0	0	0	0	0
56	L 60x60	60	5	0	8	4	0	0	0	0	0	0	0	0
57	L 60x60	60	6	0	8	4	0	0	0	0	0	0	0	0
58	L 60x60	60	7	0	8	4	0	0	0	0	0	0	0	0
59	L 60x60	60	8	0	8	4	0	0	0	0	0	0	0	0
60	L 60x60	60	10	0	8	4	0	0	0	0	0	0	0	0
61-10	L 65x65	65	5	0	9	4.5	0	0	0	0	0	0	0	0
62	L 65x65	65	6	0	9	4.5	0	0	0	0	0	0	0	0
63	L 65x65	65	7	0	9	4.5	0	0	0	0	0	0	0	0
64	L 65x65	65	8	0	9	4.5	0	0	0	0	0	0	0	0
65	L 65x65	65	9	0	9	4.5	0	0	0	0	0	0	0	0
66	L 65x65	65	10	0	9	4.5	0	0	0	0	0	0	0	0
67	L 65x65	65	11	0	9	4.5	0	0	0	0	0	0	0	0
68-11	L 70x70	70	5	0	9	4.5	0	0	0	0	0	0	0	0
69	L 70x70	70	6	0	9	4.5	0	0	0	0	0	0	0	0
70	L 70x70	70	7	0	9	4.5	0	0	0	0	0	0	0	0
71	L 70x70	70	9	0	9	4.5	0	0	0	0	0	0	0	0
72	L 70x70	70	11	0	9	4.5	0	0	0	0	0	0	0	0
73-12	L 75x75	75	5	0	10	5	0	0	0	0	0	0	0	0
74	L 75x75	75	6	0	10	5	0	0	0	0	0	0	0	0
75	L 75x75	75	7	0	10	5	0	0	0	0	0	0	0	0
76	L 75x75	75	8	0	10	5	0	0	0	0	0	0	0	0
77	L 75x75	75	10	0	10	5	0	0	0	0	0	0	0	0
78	L 75x75	75	12	0	10	5	0	0	0	0	0	0	0	0
79-13	L 80x80	80	6	0	10	5	0	0	0	0	0	0	0	0
80	L 80x80	80	7	0	10	5	0	0	0	0	0	0	0	0
81	L 80x80	80	8	0	10	5	0	0	0	0	0	0	0	0
82	L 80x80	80	9	0	10	5	0	0	0	0	0	0	0	0
83	L 80x80	80	10	0	10	5	0	0	0	0	0	0	0	0
84	L 80x80	80	12	0	10	5	0	0	0	0	0	0	0	0
85	L 80x80	80	14	0	10	5	0	0	0	0	0	0	0	0
86-14	L 90x90	90	6	0	11	5.5	0	0	0	0	0	0	0	0
87	L 90x90	90	7	9.6	11	5.5	12.24	92.5	14.13	2.75	147.1	3.47	38.02	1.76
88	L 90x90	90	8	10.9	11	5.5	13.89	104.4	16.05	2.74	165.9	3.46	42.87	1.76
89	L 90x90	90	9	12.2	11	5.5	15.52	115.8	17.93	2.73	184	3.44	47.63	1.75
90	L 90x90	90	10	13.4	11	5.5	0	0	0	0	0	0	0	0
91	L 90x90	90	11	14.7	11	5.5	0	0	0	0	0	0	0	0
92	L 90x90	90	12	0	11	5.5	0	0	0	0	0	0	0	0
93	L 90x90	90	13	0	11	5.5	0	0	0	0	0	0	0	0
94	L 90x90	90	16	0	11	5.5	0	0	0	0	0	0	0	0
95-15	L 100x100	100	6	0	12	6	0	0	0	0	0	0	0	0
96	L 100x100	100	8	12.2	12	6	15.51	144.8	19.94	3.06	230.2	3.85	59.47	1.96
97	L 100x100	100	10	15	12	6	19.15	176.7	24.62	3.04	280.7	3.83	72.64	1.95
98	L 100x100	100	12	17.8	12	6	22.71	206.7	29.12	3.02	328	3.8	85.42	1.94
99	L 100x100	100	14	0	12	6	0	0	0	0	0	0	0	0
100	L 100x100	100	16	0	12	6	0	0	0	0	0	0	0	0
101	L 100x100	100	20	0	12	6	0	0	0	0	0	0	0	0
102-16	L 110x110	110	8	0	13	6.5	0	0	0	0	0	0	0	0
103	L 110x110	110	10	16.6	13	6.5	21.18	238	29.99	3.35	378.2	4.23	97.72	2.15
104	L 110x110	110	12	19.7	13	6.5	25.14	279.1	35.54	3.33	443.3	4.2	115	2.14
105	L 110x110	110	14	0	13	6.5	0	0	0	0	0	0	0	0
106	L 110x110	110	16	0	13	6.5	0	0	0	0	0	0	0	0
107-17	L 120x120	120	8	0	13	6.5	0	0	0	0	0	0	0	0
108	L 120x120	120	10	18.2	13	6.5	23.18	312.9	36.03	3.67	497.6	4.63	128.3	2.35
109	L 120x120	120	11	19.9	13	6.5	25.37	340.6	39.41	3.66	541.5	4.62	139.7	2.35
110	L 120x120	120	12	21.6	13	6.5	27.54	367.7	42.73	3.65	584.3	4.61	151	2.34
111	L 120x120	120	13	23.3	13	6.5	29.69	394	46.01	3.64	625.9	4.59	162.2	2.34
112	L 120x120	120	15	26.6	13	6.5	33.93	444.9	52.43	3.62	705.6	4.56	184.1	2.33
113	L 120x120	120	18	0	13	6.5	0	0	0	0	0	0	0	0
114-18	L 130x130	130	12	23.5	14	7	29.97	472.2	50.44	3.97	750.6	5	193.7	2.54
115	L 130x130	130	14	0	14	7	0	0	0	0	0	0	0	0
116	L 130x130	130	16	0	14	7	0	0	0	0	0	0	0	0
117	L 130x130	130	19	0	14	7	0	0	0	0	0	0	0	0
118-19	L 140x140	140	10	21.4	15	7.5	27.24	504.4	49.43	4.3	802	5.43	206.8	2.76
119	L 140x140	140	13	27.4	15	7.5	34.95	638.5	63.37	4.27	1015	5.39	262	2.74
120	L 140x140	140	15	0	15	7.5	0	0	0	0	0	0	0	0
121	L 140x140	140	16	0	15	7.5	0	0	0	0	0	0	0	0
122	L 140x140	140	17	0	15	7.5	0	0	0	0	0	0	0	0
123	L 140x140	140	19	0	15	7.5	0	0	0	0	0	0	0	0
124	L 140x140	140	20	0	15	7.5	0	0	0	0	0	0	0	0
125-20	L 150x150	150	10	23	16	8	29.27	624	56.91	4.62	992	5.82	256	2.96
126	L 150x150	150	12	27.3	16	8	34.83	736.9	67.75	4.6	1172	5.80	302	2.94
127	L 150x150	150	14	31.6	16	8	40.31	845.4	78.33	4.58	1344	5.77	346.8	2.93
128	L 150x150	150	15	33.8	16	8	43.02	898.1	83.52	4.57	1427	5.76	368.9	2.93
129	L 150x150	150	18	40.1	16	8	51.03	1050	98.74	4.54	1666	5.71	433.8	2.92
130	L 150x150	150	20	0	16	8	0	0	0	0	0	0	0	0
131-21	L 160x160	160	14	33.9	17	8.5	43.15	1034	89.50	4.89	1644	6.17	423.8	3.13
132	L 160x160	160	15	36.2	17	8.5	46.06	1099	95.47	4.88	1747	6.16	450.8	3.13
133	L 160x160	160	16	38.4	17	8.5	48.95	1163	101.38	4.87	1848	6.14	477.6	3.12
134	L 160x160	160	17	40.7	17	8.5	51.82	1225	107.2	4.86	1947	6.13	504.1	3.12
135	L 160x160	160	19	0	17	8.5	0	0	0	0	0	0	0	0
136-22	L 180x180	180	13	35.7	18	9	45.46	1396	106.5	5.54	2221	6.99	571.6	3.55
137	L 180x180	180	14	38.3	18	9	48.79	1493	114.3	5.53	2375	6.98	611.3	3.54
138	L 180x180	180	15	40.9	18	9	52.10	1589	122.0	5.52	2527	6.96	650.5	3.53
139	L 180x180	180	16	43.5	18	9	55.39	1682	129.7	5.51	2676	6.95	689.3	3.53
140	L 180x180	180	17	46.0	18	9	58.66	1775	137.2	5.50	2822	6.94	727.8	3.52
141	L 180x180	180	18	48.6	18	9	61.91	1866	144.7	5.49	2965	6.92	765.9	3.52
142	L 180x180	180	19	51.1	18	9	65.14	1955	152.1	5.48	3106	6.91	803.8	3.51
143	L 180x180	180	20	53.7	18	9	68.35	2043	159.4	5.47	3244	6.89	841.3	3.51
144	L 180x180	180	22	0	18	9	0	0	0	0	0	0	0	0
145-23	L 200x200	200	15	45.6	18	9	58.10	2209	152.2	6.17	3516	7.78	902.9	3.94
146	L 200x200	200	16	48.5	18	9	61.79	2341	161.7	6.16	3726	7.77	957.1	3.94
147	L 200x200	200	17	51.4	18	9	65.46	2472	171.2	6.14	3932	7.75	1011	3.93
148	L 200x200	200	18	54.2	18	9	69.11	2600	180.6	6.13	4135	7.74	1064	3.92
149	L 200x200	200	19	57.1	18	9	72.74	2726	189.9	6.12	4335	7.72	1117	3.92
150	L 200x200	200	20	59.9	18	9	76.35	2851	199.1	6.11	4532	7.7	1169	3.91
151	L 200x200	200	21	62.8	18	9	79.94	2973	208.2	6.10	4725	7.69	1221	3.91
152	L 200x200	200	22	65.6	18	9	83.51	3094	217.3	6.09	4915	7.67	1273	3.90
153	L 200x200	200	23	68.3	18	9	87.06	3213	226.3	6.08	5102	7.66	1324	3.90
154	L 200x200	200	24	71.1	18	9	90.59	3331	235.2	6.06	5286	7.64	1375	3.90
155	L 200x200	200	25	73.9	18	9	94.10	3446	244.0	6.05	5467	7.62	1426	3.89
156	L 200x200	200	26	76.6	18	9	97.59	3560	252.7	6.04	5645	7.61	1476	3.89
157	L 200x200	200	28	0	18	9	0	0	0	0	0	0	0	0
158-24	L 250x250	250	25	93.6	20	10	119	6975	390	7.65	11086	9.64	2864	4.9
159	L 250x250	250	28	104	20	10	133	7697	433	7.62	12226	9.61	3169	4.89
160	L 250x250	250	32	118	20	10	150	8597	488	7.57	13629	9.53	3565	4.87
161	L 250x250	250	35	128	20	10	163	9264	529	7.54	14666	9.48	3862	4.87
162-25	CUSTOM
