#	Name	D(mm)	t(mm)	g(kg/m)	A(cm2)	d/t(1)	I(cm4)	r(cm)	Z(cm3)	S(cm3)	J(cm4)	C(cm3)	m2	m2
1	25x25	25	2.0	1.36	1.74	7.5	1.48	0.924	1.19	1.47	2.53	1.8	0.093	68.5
2	25x25	25	2.5	1.64	2.09	5	1.69	0.899	1.35	1.71	2.97	2.07	0.091	55.7
3	25x25	25	3.0	1.89	2.41	3.33	1.84	0.874	1.47	1.91	3.33	2.27	0.09	47.5
4	30x30	30	2.0	1.68	2.14	10	2.72	1.13	1.81	2.21	4.54	2.75	0.113	67.3
5	30x30	30	2.5	2.03	2.59	7	3.16	1.1	2.1	2.61	5.4	3.2	0.111	54.7
6	30x30	30	3.0	2.36	3.01	5	3.5	1.08	2.34	2.96	6.15	3.58	0.11	46.6
7	40x40	40	2.0	2.31	2.94	15	6.94	1.54	3.47	4.13	11.3	5.23	0.153	66.2
8	40x40	40	2.5	2.82	3.59	11	8.22	1.51	4.11	4.97	13.6	6.21	0.151	53.5
9	40x40	40	3.0	3.3	4.21	8.33	9.32	1.49	4.66	5.72	15.8	7.07	0.15	45.5
10	40x40	40	4.0	4.2	5.35	5	11.1	1.44	5.54	7.01	19.4	8.48	0.146	34.8
11	50x50	50	2.0	2.93	3.74	20	14.1	1.95	5.66	6.66	22.6	8.51	0.193	65.9
12	50x50	50	2.5	3.6	4.59	15	16.9	1.92	6.78	8.07	27.5	10.2	0.191	53.1
13	50x50	50	3.0	4.25	5.41	11.7	19.5	1.9	7.79	9.39	32.1	11.8	0.19	44.7
14	50x50	50	4.0	5.45	6.95	7.5	23.7	1.85	9.49	11.7	40.4	14.4	0.186	34.1
15	50x50	50	5.0	6.56	8.36	5	27	1.8	10.8	13.7	47.5	16.6	0.183	27.9
16	60x60	60	3.0	5.19	6.61	15	35.1	2.31	11.7	14	57.1	17.7	0.23	44.3
17	60x60	60	4.0	6.71	8.55	10	43.6	2.26	14.5	17.6	72.6	22	0.226	33.7
18	60x60	60	5.0	8.13	10.4	7	50.5	2.21	16.8	20.9	86.4	25.6	0.223	27.4
19	70x70	70	2.5	5.17	6.59	23	49.4	2.74	14.1	16.5	78.5	21.2	0.271	52.4
20	70x70	70	3.0	6.13	7.81	18.3	57.5	2.71	16.4	19.4	92.4	24.7	0.27	44
21	70x70	70	3.5	7.06	8.99	15	65.1	2.69	18.6	22.2	106	28	0.268	38
22	70x70	70	4.0	7.97	10.1	12.5	72.1	2.67	20.6	24.8	119	31.1	0.266	33.4
23	70x70	70	5.0	9.7	12.4	9	84.6	2.62	24.2	29.6	142	36.7	0.263	27.1
24	80x80	80	3.0	7.07	9.01	21.7	87.8	3.12	22	25.8	140	33	0.31	43.8
25	80x80	80	3.5	8.16	10.4	17.9	99.8	3.1	25	29.5	161	37.6	0.308	37.7
26	80x80	80	4.0	9.22	11.7	15	111	3.07	27.8	33.1	180	41.8	0.306	33.2
27	80x80	80	5.0	11.3	14.4	11	131	3.03	32.9	39.7	218	49.7	0.303	26.8
28	80x80	80	6.0	13.2	16.8	8.33	149	2.98	37.3	45.8	252	56.6	0.299	22.7
29	90x90	90	3.0	8.01	10.2	25	127	3.53	28.3	33	201	42.5	0.35	43.7
30	90x90	90	3.5	9.26	11.8	20.7	145	3.51	32.2	37.9	232	48.5	0.348	37.6
31	90x90	90	4.0	10.5	13.3	17.5	162	3.48	36	42.6	261	54.2	0.346	33
32	90x90	90	5.0	12.8	16.4	13	193	3.43	42.9	51.4	316	64.7	0.343	26.8
33	90x90	90	6.0	15.1	19.2	10	220	3.39	49	59.5	368	74.2	0.339	22.5
34	100x100	100	3.0	8.96	11.4	28.3	177	3.94	35.4	41.2	279	53.2	0.39	43.5
35	100x100	100	4.0	11.7	14.9	20	226	3.89	45.3	53.3	362	68.1	0.386	33
36	100x100	100	5.0	14.4	18.4	15	271	3.84	54.2	64.6	441	81.7	0.383	26.6
37	100x100	100	6.0	17	21.6	11.7	311	3.79	62.3	75.1	514	94.1	0.379	22.3
38	100x100	100	8.0	21.4	27.2	7.5	366	3.67	73.2	91.1	645	114	0.366	17.1
39	120x120	120	4.0	14.2	18.1	25	402	4.71	67	78.3	637	101	0.466	32.8
40	120x120	120	5.0	17.5	22.4	19	485	4.66	80.9	95.4	778	122	0.463	26.5
41	120x120	120	6.0	20.7	26.4	15	562	4.61	93.7	112	913	141	0.459	22.2
42	120x120	120	8.0	26.4	33.6	10	677	4.49	113	138	1160	175	0.446	16.9
43	120x120	120	10.0	31.8	40.6	7	777	4.38	129	162	1380	203	0.437	13.7
44	140x140	140	4.0	16.8	21.3	30	652	5.52	93.1	108	1020	140	0.546	32.5
45	140x140	140	5.0	20.7	26.4	23	791	5.48	113	132	1260	170	0.543	26.2
46	140x140	140	6.0	24.5	31.2	18.3	920	5.43	131	155	1480	198	0.539	22
47	140x140	140	8.0	31.4	40	12.5	1130	5.3	161	194	1900	248	0.526	16.8
48	140x140	140	10.0	38.1	48.6	9	1310	5.2	187	230	2270	291	0.517	13.6
49	150x150	150	4.0	18	22.9	32.5	808	5.93	108	125	1260	162	0.586	32.6
50	150x150	150	5.0	22.3	28.4	25	982	5.89	131	153	1550	197	0.583	26.1
51	150x150	150	6.0	26.4	33.6	20	1150	5.84	153	180	1830	230	0.579	21.9
52	150x150	150	8.0	33.9	43.2	13.8	1410	5.71	188	226	2360	289	0.566	16.7
53	150x150	150	10.0	41.3	52.6	10	1650	5.61	220	269	2840	341	0.557	13.5
54	160x160	160	4.0	19.3	24.5	35	987	6.34	123	143	1540	185	0.626	32.4
55	160x160	160	5.0	23.8	30.4	27	1200	6.29	150	175	1900	226	0.623	26.2
56	160x160	160	6.0	28.3	36	21.7	1410	6.25	176	206	2240	264	0.619	21.9
57	160x160	160	8.0	36.5	46.4	15	1740	6.12	218	260	2900	334	0.606	16.6
58	160x160	160	10.0	44.4	56.6	11	2050	6.02	256	311	3490	395	0.597	13.4
59	180x180	180	5.0	27	34.4	31	1740	7.11	193	224	2720	290	0.703	26
60	180x180	180	6.0	32.1	40.8	25	2040	7.06	226	264	3220	340	0.699	21.8
61	180x180	180	8.0	41.5	52.8	17.5	2550	6.94	283	336	4190	432	0.686	16.5
62	180x180	180	10.0	50.7	64.6	13	3020	6.84	335	404	5070	515	0.677	13.4
63	180x180	180	12.0	58.5	74.5	10	3320	6.68	369	454	5870	584	0.658	11.2
64	180x180	180	12.5	60.5	77	9.4	3410	6.65	378	467	6050	600	0.656	10.8
65	200x200	200	5.0	30.1	38.4	35	2410	7.93	241	279	3760	362	0.783	26
66	200x200	200	6.0	35.8	45.6	28.3	2830	7.88	283	330	4460	426	0.779	21.8
67	200x200	200	8.0	46.5	59.2	20	3570	7.76	357	421	5820	544	0.766	16.5
68	200x200	200	10.0	57	72.6	15	4250	7.65	425	508	7070	651	0.757	13.3
69	200x200	200	12.0	66	84.1	11.7	4730	7.5	473	576	8230	743	0.738	11.2
70	200x200	200	12.5	68.3	87	11	4860	7.47	486	594	8500	765	0.736	10.8
71	250x250	250	6.0	45.2	57.6	36.7	5670	9.92	454	524	8840	681	0.979	21.7
72	250x250	250	8.0	59.1	75.2	26.3	7230	9.8	578	676	11600	878	0.966	16.3
73	250x250	250	10.0	72.7	92.6	20	8710	9.7	697	822	14200	1060	0.957	13.2
74	250x250	250	12.0	84.8	108	15.8	9860	9.55	789	944	16700	1230	0.938	11.1
75	250x250	250	12.5	88	112	15	10200	9.52	813	975	17300	1270	0.936	10.6
76	300x300	300	8.0	71.6	91.2	32.5	12800	11.8	853	991	20300	1290	1.17	16.3
77	300x300	300	10.0	88.4	113	25	15500	11.7	1030	1210	25000	1570	1.16	13.1
78	300x300	300	12.0	104	132	20	17800	11.6	1180	1400	29500	1830	1.14	11
79	300x300	300	12.5	108	137	19	18300	11.6	1220	1450	30600	1890	1.14	10.6
80	CUSTOM	1	1	1	1	1	1	1	1	1	1	1	1	1
